50021,22
50023,2
50033,10
50047,14
50051,4
50053,2
50069,16
50077,8
50087,10
50093,6
50101,8
50111,10
50119,8
50123,4
50129,6
50131,2
50147,16
50153,6
50159,6
50177,18
50207,30
50221,14
50227,6
50231,4
50261,30
50263,2
50273,10
50287,14
50291,4
50311,20
50321,10
50329,8
50333,4
50341,8
50359,18
50363,4
50377,14
50383,6
50387,4
50411,24
50417,6
50423,6
50441,18
50459,18
50461,2
50497,36
50503,6
50513,10
50527,14
50539,12
50543,4
50549,6
50551,2
50581,30
50587,6
50591,4
50593,2
50599,6
50627,28
50647,20
50651,4
50671,20
50683,12
50707,24
50723,16
50741,18
50753,12
50767,14
50773,6
50777,4
50789,12
50821,32
50833,12
50839,6
50849,10
50857,8
50867,10
50873,6
50891,18
50893,2
50909,16
50923,14
50929,6
50951,22
50957,6
50969,12
50971,2
50989,18
50993,4
51001,8
51031,30
51043,12
51047,4
51059,12
51061,2
51071,10
51109,38
51131,22
51133,2
51137,4
51151,14
51157,6
51169,12
51193,24
51197,4
51199,2
51203,4
51217,14
51229,12
51239,10
51241,2
51257,16
51263,6
51283,20
51287,4
51307,20
51329,22
51341,12
51343,2
51347,4
51349,2
51361,12
51383,22
51407,24
51413,6
51419,6
51421,2
51427,6
51431,4
51437,6
51439,2
51449,10
51461,12
51473,12
51479,6
51481,2
51487,6
51503,16
51511,8
51517,6
51521,4
51539,18
51551,12
51563,12
51577,14
51581,4
51593,12
51599,6
51607,8
51613,6
51631,18
51637,6
51647,10
51659,12
51673,14
51679,6
51683,4
51691,8
51713,22
51719,6
51721,2
51749,28
51767,18
51769,2
51787,18
51797,10
51803,6
51817,14
51827,10
51829,2
51839,10
51853,14
51859,6
51869,10
51871,2
51893,22
51899,6
51907,8
51913,6
51929,16
51941,12
51949,8
51971,22
51973,2
51977,4
51991,14
52009,18
52021,12
52027,6
52051,24
52057,6
52067,10
52069,2
52081,12
52103,22
52121,18
52127,6
52147,20
52153,6
52163,10
52177,14
52181,4
52183,2
52189,6
52201,12
52223,22
52237,14
52249,12
52253,4
52259,6
52267,8
52289,22
52291,2
52301,10
52313,12
52321,8
52361,40
52363,2
52369,6
52379,10
52387,8
52391,4
52433,42
52453,20
52457,4
52489,32
52501,12
52511,10
52517,6
52529,12
52541,12
52543,2
52553,10
52561,8
52567,6
52571,4
52579,8
52583,4
52609,26
52627,18
52631,4
52639,8
52667,28
52673,6
52691,18
52697,6
52709,12
52711,2
52721,10
52727,6
52733,6
52747,14
52757,10
52769,12
52783,14
52807,24
52813,6
52817,4
52837,20
52859,22
52861,2
52879,18
52883,4
52889,6
52901,12
52903,2
52919,16
52937,18
52951,14
52957,6
52963,6
52967,4
52973,6
52981,8
52999,18
53003,4
53017,14
53047,30
53051,4
53069,18
53077,8
53087,10
53089,2
53093,4
53101,8
53113,12
53117,4
53129,12
53147,18
53149,2
53161,12
53171,10
53173,2
53189,16
53197,8
53201,4
53231,30
53233,2
53239,6
53267,28
53269,2
53279,10
53281,2
53299,18
53309,10
53323,14
53327,4
53353,26
53359,6
53377,18
53381,4
53401,20
53407,6
53411,4
53419,8
53437,18
53441,4
53453,12
53479,26
53503,24
53507,4
53527,20
53549,22
53551,2
53569,18
53591,22
53593,2
53597,4
53609,12
53611,2
53617,6
53623,6
53629,6
53633,4
53639,6
53653,14
53657,4
53681,24
53693,12
53699,6
53717,18
53719,2
53731,12
53759,28
53773,14
53777,4
53783,6
53791,8
53813,22
53819,6
53831,12
53849,18
53857,8
53861,4
53881,20
53887,6
53891,4
53897,6
53899,2
53917,18
53923,6
53927,4
53939,12
53951,12
53959,8
53987,28
53993,6
54001,8
54011,10
54013,2
54037,24
54049,12
54059,10
54083,24
54091,8
54101,10
54121,20
54133,12
54139,6
54151,12
54163,12
54167,4
54181,14
54193,12
54217,24
54251,34
54269,18
54277,8
54287,10
54293,6
54311,18
54319,8
54323,4
54331,8
54347,16
54361,14
54367,6
54371,4
54377,6
54401,24
54403,2
54409,6
54413,4
54419,6
54421,2
54437,16
54443,6
54449,6
54469,20
54493,24
54497,4
54499,2
54503,4
54517,14
54521,4
54539,18
54541,2
54547,6
54559,12
54563,4
54577,14
54581,4
54583,2
54601,18
54617,16
54623,6
54629,6
54631,2
54647,16
54667,20
54673,6
54679,6
54709,30
54713,4
54721,8
54727,6
54751,24
54767,16
54773,6
54779,6
54787,8
54799,12
54829,30
54833,4
54851,18
54869,18
54877,8
54881,4
54907,26
54917,10
54919,2
54941,22
54949,8
54959,10
54973,14
54979,6
54983,4
55001,18
55009,8
55021,12
55049,28
55051,2
55057,6
55061,4
55073,12
55079,6
55103,24
55109,6
55117,8
55127,10
55147,20
55163,16
55171,8
55201,30
55207,6
55213,6
55217,4
55219,2
55229,10
55243,14
55249,6
55259,10
55291,32
55313,22
55331,18
55333,2
55337,4
55339,2
55343,4
55351,8
55373,22
55381,8
55399,18
55411,12
55439,28
55441,2
55457,16
55469,12
55487,18
55501,14
55511,10
55529,18
55541,12
55547,6
55579,32
55589,10
55603,14
55609,6
55619,10
55621,2
55631,10
55633,2
55639,6
55661,22
55663,2
55667,4
55673,6
55681,8
55691,10
55697,6
55711,14
55717,6
55721,4
55733,12
55763,30
55787,24
55793,6
55799,6
55807,8
55813,6
55817,4
55819,2
55823,4
55829,6
55837,8
55843,6
55849,6
55871,22
55889,18
55897,8
55901,4
55903,2
55921,18
55927,6
55931,4
55933,2
55949,16
55967,18
55987,20
55997,10
56003,6
56009,6
56039,30
56041,2
56053,12
56081,28
56087,6
56093,6
56099,6
56101,2
56113,12
56123,10
56131,8
56149,18
56167,18
56171,4
56179,8
56197,18
56207,10
56209,2
56237,28
56239,2
56249,10
56263,14
56267,4
56269,2
56299,30
56311,12
56333,22
56359,26
56369,10
56377,8
56383,6
56393,10
56401,8
56417,16
56431,14
56437,6
56443,6
56453,10
56467,14
56473,6
56477,4
56479,2
56489,10
56501,12
56503,2
56509,6
56519,10
56527,8
56531,4
56533,2
56543,10
56569,26
56591,22
56597,6
56599,2
56611,12
56629,18
56633,4
56659,26
56663,4
56671,8
56681,10
56687,6
56701,14
56711,10
56713,2
56731,18
56737,6
56747,10
56767,20
56773,6
56779,6
56783,4
56807,24
56809,2
56813,4
56821,8
56827,6
56843,16
56857,14
56873,16
56891,18
56893,2
56897,4
56909,12
56911,2
56921,10
56923,2
56929,6
56941,12
56951,10
56957,6
56963,6
56983,20
56989,6
56993,4
56999,6
57037,38
57041,4
57047,6
57059,12
57073,14
57077,4
57089,12
57097,8
57107,10
57119,12
57131,12
57139,8
57143,4
57149,6
57163,14
57173,10
57179,6
57191,12
57193,2
57203,10
57221,18
57223,2
57241,18
57251,10
57259,8
57269,10
57271,2
57283,12
57287,4
57301,14
57329,28
57331,2
57347,16
57349,2
57367,18
57373,6
57383,10
57389,6
57397,8
57413,16
57427,14
57457,30
57467,10
57487,20
57493,6
57503,10
57527,24
57529,2
57557,28
57559,2
57571,12
57587,16
57593,6
57601,8
57637,36
57641,4
57649,8
57653,4
57667,14
57679,12
57689,10
57697,8
57709,12
57713,4
57719,6
57727,8
57731,4
57737,6
57751,14
57773,22
57781,8
57787,6
57791,4
57793,2
57803,10
57809,6
57829,20
57839,10
57847,8
57853,6
57859,6
57881,22
57899,18
57901,2
57917,16
57923,6
57943,20
57947,4
57973,26
57977,4
57991,14
58013,22
58027,14
58031,4
58043,12
58049,6
58057,8
58061,4
58067,6
58073,6
58099,26
58109,10
58111,2
58129,18
58147,18
58151,4
58153,2
58169,16
58171,2
58189,18
58193,4
58199,6
58207,8
58211,4
58217,6
58229,12
58231,2
58237,6
58243,6
58271,28
58309,38
58313,4
58321,8
58337,16
58363,26
58367,4
58369,2
58379,10
58391,12
58393,2
58403,10
58411,8
58417,6
58427,10
58439,12
58441,2
58451,10
58453,2
58477,24
58481,4
58511,30
58537,26
58543,6
58549,6
58567,18
58573,6
58579,6
58601,22
58603,2
58613,10
58631,18
58657,26
58661,4
58679,18
58687,8
58693,6
58699,6
58711,12
58727,16
58733,6
58741,8
58757,16
58763,6
58771,8
58787,16
58789,2
58831,42
58889,58
58897,8
58901,4
58907,6
58909,2
58913,4
58921,8
58937,16
58943,6
58963,20
58967,4
58979,12
58991,12
58997,6
59009,12
59011,2
59021,10
59023,2
59029,6
59051,22
59053,2
59063,10
59069,6
59077,8
59083,6
59093,10
59107,14
59113,6
59119,6
59123,4
59141,18
59149,8
59159,10
59167,8
59183,16
59197,14
59207,10
59209,2
59219,10
59221,2
59233,12
59239,6
59243,4
59263,20
59273,10
59281,8
59333,52
59341,8
59351,10
59357,6
59359,2
59369,10
59377,8
59387,10
59393,6
59399,6
59407,8
59417,10
59419,2
59441,22
59443,2
59447,4
59453,6
59467,14
59471,4
59473,2
59497,24
59509,12
59513,4
59539,26
59557,18
59561,4
59567,6
59581,14
59611,30
59617,6
59621,4
59627,6
59629,2
59651,22
59659,8
59663,4
59669,6
59671,2
59693,22
59699,6
59707,8
59723,16
59729,6
59743,14
59747,4
59753,6
59771,18
59779,8
59791,12
59797,6
59809,12
59833,24
59863,30
59879,16
59887,8
59921,34
59929,8
59951,22
59957,6
59971,14
59981,10
59999,18
60013,14
60017,4
60029,12
60037,8
60041,4
60077,36
60083,6
60089,6
60091,2
60101,10
60103,2
60107,4
60127,20
60133,6
60139,6
60149,10
60161,12
60167,6
60169,2
60209,40
60217,8
60223,6
60251,28
60257,6
60259,2
60271,12
60289,18
60293,4
60317,24
60331,14
60337,6
60343,6
60353,10
60373,20
60383,10
60397,14
60413,16
60427,14
60443,16
60449,6
60457,8
60493,36
60497,4
60509,12
60521,12
60527,6
60539,12
60589,50
60601,12
60607,6
60611,4
60617,6
60623,6
60631,8
60637,6
60647,10
60649,2
60659,10
60661,2
60679,18
60689,10
60703,14
60719,16
60727,8
60733,6
60737,4
60757,20
60761,4
60763,2
60773,10
60779,6
60793,14
60811,18
60821,10
60859,38
60869,10
60887,18
60889,2
60899,10
60901,2
60913,12
60917,4
60919,2
60923,4
60937,14
60943,6
60953,10
60961,8
61001,40
61007,6
61027,20
61031,4
61043,12
61051,8
61057,6
61091,34
61099,8
61121,22
61129,8
61141,12
61151,10
61153,2
61169,16
61211,42
61223,12
61231,8
61253,22
61261,8
61283,22
61291,8
61297,6
61331,34
61333,2
61339,6
61343,4
61357,14
61363,6
61379,16
61381,2
61403,22
61409,6
61417,8
61441,24
61463,22
61469,6
61471,2
61483,12
61487,4
61493,6
61507,14
61511,4
61519,8
61543,24
61547,4
61553,6
61559,6
61561,2
61583,22
61603,20
61609,6
61613,4
61627,14
61631,4
61637,6
61643,6
61651,8
61657,6
61667,10
61673,6
61681,8
61687,6
61703,16
61717,14
61723,6
61729,6
61751,22
61757,6
61781,24
61813,32
61819,6
61837,18
61843,6
61861,18
61871,10
61879,8
61909,30
61927,18
61933,6
61949,16
61961,12
61967,6
61979,12
61981,2
61987,6
61991,4
62003,12
62011,8
62017,6
62039,22
62047,8
62053,6
62057,4
62071,14
62081,10
62099,18
62119,20
62129,10
62131,2
62137,6
62141,4
62143,2
62171,28
62189,18
62191,2
62201,10
62207,6
62213,6
62219,6
62233,14
62273,40
62297,24
62299,2
62303,4
62311,8
62323,12
62327,4
62347,20
62351,4
62383,32
62401,18
62417,16
62423,6
62459,36
62467,8
62473,6
62477,4
62483,6
62497,14
62501,4
62507,6
62533,26
62539,6
62549,10
62563,14
62581,18
62591,10
62597,6
62603,6
62617,14
62627,10
62633,6
62639,6
62653,14
62659,6
62683,24
62687,4
62701,14
62723,22
62731,8
62743,12
62753,10
62761,8
62773,12
62791,18
62801,10
62819,18
62827,8
62851,24
62861,10
62869,8
62873,4
62897,24
62903,6
62921,18
62927,6
62929,2
62939,10
62969,30
62971,2
62981,10
62983,2
62987,4
62989,2
63029,40
63031,2
63059,28
63067,8
63073,6
63079,6
63097,18
63103,6
63113,10
63127,14
63131,4
63149,18
63179,30
63197,18
63199,2
63211,12
63241,30
63247,6
63277,30
63281,4
63299,18
63311,12
63313,2
63317,4
63331,14
63337,6
63347,10
63353,6
63361,8
63367,6
63377,10
63389,12
63391,2
63397,6
63409,12
63419,10
63421,2
63439,18
63443,4
63463,20
63467,4
63473,6
63487,14
63493,6
63499,6
63521,22
63527,6
63533,6
63541,8
63559,18
63577,18
63587,10
63589,2
63599,10
63601,2
63607,6
63611,4
63617,6
63629,12
63647,18
63649,2
63659,10
63667,8
63671,4
63689,18
63691,2
63697,6
63703,6
63709,6
63719,10
63727,8
63737,10
63743,6
63761,18
63773,12
63781,8
63793,12
63799,6
63803,4
63809,6
63823,14
63839,16
63841,2
63853,12
63857,4
63863,6
63901,38
63907,6
63913,6
63929,16
63949,20
63977,28
63997,20
64007,10
64013,6
64019,6
64033,14
64037,4
64063,26
64067,4
64081,14
64091,10
64109,18
64123,14
64151,28
64153,2
64157,4
64171,14
64187,16
64189,2
64217,28
64223,6
64231,8
64237,6
64271,34
64279,8
64283,4
64301,18
64303,2
64319,16
64327,8
64333,6
64373,40
64381,8
64399,18
64403,4
64433,30
64439,6
64451,12
64453,2
64483,30
64489,6
64499,10
64513,14
64553,40
64567,14
64577,10
64579,2
64591,12
64601,10
64609,8
64613,4
64621,8
64627,6
64633,6
64661,28
64663,2
64667,4
64679,12
64693,14
64709,16
64717,8
64747,30
64763,16
64781,18
64783,2
64793,10
64811,18
64817,6
64849,32
64853,4
64871,18
64877,6
64879,2
64891,12
64901,10
64919,18
64921,2
64927,6
64937,10
64951,14
64969,18
64997,28
65003,6
65011,8
65027,16
65029,2
65033,4
65053,20
65063,10
65071,8
65089,18
65099,10
65101,2
65111,10
65119,8
65123,4
65129,6
65141,12
65147,6
65167,20
65171,4
65173,2
65179,6
65183,4
65203,20
65213,10
65239,26
65257,18
65267,10
65269,2
65287,18
65293,6
65309,16
65323,14
65327,4
65353,26
65357,4
65371,14
65381,10
65393,12
65407,14
65413,6
65419,6
65423,4
65437,14
65447,10
65449,2
65479,30
65497,18
65519,22
65521,2
65537,16
65539,2
65543,4
65551,8
65557,6
65563,6
65579,16
65581,2
65587,6
65599,12
65609,10
65617,8
65629,12
65633,4
65647,14
65651,4
65657,6
65677,20
65687,10
65699,12
65701,2
65707,6
65713,6
65717,4
65719,2
65729,10
65731,2
65761,30
65777,16
65789,12
65809,20
65827,18
65831,4
65837,6
65839,2
65843,4
65851,8
65867,16
65881,14
65899,18
65921,22
65927,6
65929,2
65951,22
65957,6
65963,6
65981,18
65983,2
65993,10
66029,36
66037,8
66041,4
66047,6
66067,20
66071,4
66083,12
66089,6
66103,14
66107,4
66109,2
66137,28
66161,24
66169,8
66173,4
66179,6
66191,12
66221,30
66239,18
66271,32
66293,22
66301,8
66337,36
66343,6
66347,4
66359,12
66361,2
66373,12
66377,4
66383,6
66403,20
66413,10
66431,18
66449,18
66457,8
66463,6
66467,4
66491,24
66499,8
66509,10
66523,14
66529,6
66533,4
66541,8
66553,12
66569,16
66571,2
66587,16
66593,6
66601,8
66617,16
66629,12
66643,14
66653,10
66683,30
66697,14
66701,4
66713,12
66721,8
66733,12
66739,6
66749,10
66751,2
66763,12
66791,28
66797,6
66809,12
66821,12
66841,20
66851,10
66853,2
66863,10
66877,14
66883,6
66889,6
66919,30
66923,4
66931,8
66943,12
66947,4
66949,2
66959,10
66973,14
66977,4
67003,26
67021,18
67033,12
67043,10
67049,6
67057,8
67061,4
67073,12
67079,6
67103,24
67121,18
67129,8
67139,10
67141,2
67153,12
67157,4
67169,12
67181,12
67187,6
67189,2
67211,22
67213,2
67217,4
67219,2
67231,12
67247,16
67261,14
67271,10
67273,2
67289,16
67307,18
67339,32
67343,4
67349,6
67369,20
67391,22
67399,8
67409,10
67411,2
67421,10
67427,6
67429,2
67433,4
67447,14
67453,6
67477,24
67481,4
67489,8
67493,4
67499,6
67511,12
67523,12
67531,8
67537,6
67547,10
67559,12
67567,8
67577,10
67579,2
67589,10
67601,12
67607,6
67619,12
67631,12
67651,20
67679,28
67699,20
67709,10
67723,14
67733,10
67741,8
67751,10
67757,6
67759,2
67763,4
67777,14
67783,6
67789,6
67801,12
67807,6
67819,12
67829,10
67843,14
67853,10
67867,14
67883,16
67891,8
67901,10
67927,26
67931,4
67933,2
67939,6
67943,4
67957,14
67961,4
67967,6
67979,12
67987,8
67993,6
68023,30
68041,18
68053,12
68059,6
68071,12
68087,16
68099,12
68111,12
68113,2
68141,28
68147,6
68161,14
68171,10
68207,36
68209,2
68213,4
68219,6
68227,8
68239,12
68261,22
68279,18
68281,2
68311,30
68329,18
68351,22
68371,20
68389,18
68399,10
68437,38
68443,6
68447,4
68449,2
68473,24
68477,4
68483,6
68489,6
68491,2
68501,10
68507,6
68521,14
68531,10
68539,8
68543,4
68567,24
68581,14
68597,16
68611,14
68633,22
68639,6
68659,20
68669,10
68683,14
68687,4
68699,12
68711,12
68713,2
68729,16
68737,8
68743,6
68749,6
68767,18
68771,4
68777,6
68791,14
68813,22
68819,6
68821,2
68863,42
68879,16
68881,2
68891,10
68897,6
68899,2
68903,4
68909,6
68917,8
68927,10
68947,20
68963,16
68993,30
69001,8
69011,10
69019,8
69029,10
69031,2
69061,30
69067,6
69073,6
69109,36
69119,10
69127,8
69143,16
69149,6
69151,2
69163,12
69191,28
69193,2
69197,4
69203,6
69221,18
69233,12
69239,6
69247,8
69257,10
69259,2
69263,4
69313,50
69317,4
69337,20
69341,4
69371,30
69379,8
69383,4
69389,6
69401,12
69403,2
69427,24
69431,4
69439,8
69457,18
69463,6
69467,4
69473,6
69481,8
69491,10
69493,2
69497,4
69499,2
69539,40
69557,18
69593,36
69623,30
69653,30
69661,8
69677,16
69691,14
69697,6
69709,12
69737,28
69739,2
69761,22
69763,2
69767,4
69779,12
69809,30
69821,12
69827,6
69829,2
69833,4
69847,14
69857,10
69859,2
69877,18
69899,22
69911,12
69929,18
69931,2
69941,10
69959,18
69991,32
69997,6
70001,4
70003,2
70009,6
70019,10
70039,20
70051,12
70061,10
70067,6
70079,12
70099,20
70111,12
70117,6
70121,4
70123,2
70139,16
70141,2
70157,16
70163,6
70177,14
70181,4
70183,2
70199,16
70201,2
70207,6
70223,16
70229,6
70237,8
70241,4
70249,8
70271,22
70289,18
70297,8
70309,12
70313,4
70321,8
70327,6
70351,24
70373,22
70379,6
70381,2
70393,12
70423,30
70429,6
70439,10
70451,12
70457,6
70459,2
70481,22
70487,6
70489,2
70501,12
70507,6
70529,22
70537,8
70549,12
70571,22
70573,2
70583,10
70589,6
70607,18
70619,12
70621,2
70627,6
70639,12
70657,18
70663,6
70667,4
70687,20
70709,22
70717,8
70729,12
70753,24
70769,16
70783,14
70793,10
70823,30
70841,18
70843,2
70849,6
70853,4
70867,14
70877,10
70879,2
70891,12
70901,10
70913,12
70919,6
70921,2
70937,16
70949,12
70951,2
70957,6
70969,12
70979,10
70981,2
70991,10
70997,6
70999,2
71011,12
71023,12
71039,16
71059,20
71069,10
71081,12
71089,8
71119,30
71129,10
71143,14
71147,4
71153,6
71161,8
71167,6
71171,4
71191,20
71209,18
71233,24
71237,4
71249,12
71257,8
71261,4
71263,2
71287,24
71293,6
71317,24
71327,10
71329,2
71333,4
71339,6
71341,2
71347,6
71353,6
71359,6
71363,4
71387,24
71389,2
71399,10
71411,12
71413,2
71419,6
71429,10
71437,8
71443,6
71453,10
71471,18
71473,2
71479,6
71483,4
71503,20
71527,24
71537,10
71549,12
71551,2
71563,12
71569,6
71593,24
71597,4
71633,36
71647,14
71663,16
71671,8
71693,22
71699,6
71707,8
71711,4
71713,2
71719,6
71741,22
71761,20
71777,16
71789,12
71807,18
71809,2
71821,12
71837,16
71843,6
71849,6
71861,12
71867,6
71879,12
71881,2
71887,6
71899,12
71909,10
71917,8
71933,16
71941,8
71947,6
71963,16
71971,8
71983,12
71987,4
71993,6
71999,6
72019,20
72031,12
72043,12
72047,4
72053,6
72073,20
72077,4
72089,12
72091,2
72101,10
72103,2
72109,6
72139,30
72161,22
72167,6
72169,2
72173,4
72211,38
72221,10
72223,2
72227,4
72229,2
72251,22
72253,2
72269,16
72271,2
72277,6
72287,10
72307,20
72313,6
72337,24
72341,4
72353,12
72367,14
72379,12
72383,4
72421,38
72431,10
72461,30
72467,6
72469,2
72481,12
72493,12
72497,4
72503,6
72533,30
72547,14
72551,4
72559,8
72577,18
72613,36
72617,4
72623,6
72643,20
72647,4
72649,2
72661,12
72671,10
72673,2
72679,6
72689,10
72701,12
72707,6
72719,12
72727,8
72733,6
72739,6
72763,24
72767,4
72797,30
72817,20
72823,6
72859,36
72869,10
72871,2
72883,12
72889,6
72893,4
72901,8
72907,6
72911,4
72923,12
72931,8
72937,6
72949,12
72953,4
72959,6
72973,14
72977,4
72997,20
73009,12
73013,4
73019,6
73037,18
73039,2
73043,4
73061,18
73063,2
73079,16
73091,12
73121,30
73127,6
73133,6
73141,8
73181,40
73189,8
73237,48
73243,6
73259,16
73277,18
73291,14
73303,12
73309,6
73327,18
73331,4
73351,20
73361,10
73363,2
73369,6
73379,10
73387,8
73417,30
73421,4
73433,12
73453,20
73459,6
73471,12
73477,6
73483,6
73517,34
73523,6
73529,6
73547,18
73553,6
73561,8
73571,10
73583,12
73589,6
73597,8
73607,10
73609,2
73613,4
73637,24
73643,6
73651,8
73673,22
73679,6
73681,2
73693,12
73699,6
73709,10
73721,12
73727,6
73751,24
73757,6
73771,14
73783,12
73819,36
73823,4
73847,24
73849,2
73859,10
73867,8
73877,10
73883,6
73897,14
73907,10
73939,32
73943,4
73951,8
73961,10
73973,12
73999,26
74017,18
74021,4
74027,6
74047,20
74051,4
74071,20
74077,6
74093,16
74099,6
74101,2
74131,30
74143,12
74149,6
74159,10
74161,2
74167,6
74177,10
74189,12
74197,8
74201,4
74203,2
74209,6
74219,10
74231,12
74257,26
74279,22
74287,8
74293,6
74297,4
74311,14
74317,6
74323,6
74353,30
74357,4
74363,6
74377,14
74381,4
74383,2
74411,28
74413,2
74419,6
74441,22
74449,8
74453,4
74471,18
74489,18
74507,18
74509,2
74521,12
74527,6
74531,4
74551,20
74561,10
74567,6
74573,6
74587,14
74597,10
74609,12
74611,2
74623,12
74653,30
74687,34
74699,12
74707,8
74713,6
74717,4
74719,2
74729,10
74731,2
74747,16
74759,12
74761,2
74771,10
74779,8
74797,18
74821,24
74827,6
74831,4
74843,12
74857,14
74861,4
74869,8
74873,4
74887,14
74891,4
74897,6
74903,6
74923,20
74929,6
74933,4
74941,8
74959,18
75011,52
75013,2
75017,4
75029,12
75037,8
75041,4
75079,38
75083,4
75109,26
75133,24
75149,16
75161,12
75167,6
75169,2
75181,12
75193,12
75209,16
75211,2
75217,6
75223,6
75227,4
75239,12
75253,14
75269,16
75277,8
75289,12
75307,18
75323,16
75329,6
75337,8
75347,10
75353,6
75367,14
75377,10
75389,12
75391,2
75401,10
75403,2
75407,4
75431,24
75437,6
75479,42
75503,24
75511,8
75521,10
75527,6
75533,6
75539,6
75541,2
75553,12
75557,4
75571,14
75577,6
75583,6
75611,28
75617,6
75619,2
75629,10
75641,12
75653,12
75659,6
75679,20
75683,4
75689,6
75703,14
75707,4
75709,2
75721,12
75731,10
75743,12
75767,24
75773,6
75781,8
75787,6
75793,6
75797,4
75821,24
75833,12
75853,20
75869,16
75883,14
75913,30
75931,18
75937,6
75941,4
75967,26
75979,12
75983,4
75989,6
75991,2
75997,6
76001,4
76003,2
76031,28
76039,8
76079,40
76081,2
76091,10
76099,8
76103,4
76123,20
76129,6
76147,18
76157,10
76159,2
76163,4
76207,44
76213,6
76231,18
76243,12
76249,6
76253,4
76259,6
76261,2
76283,22
76289,6
76303,14
76333,30
76343,10
76367,24
76369,2
76379,10
76387,8
76403,16
76421,18
76423,2
76441,18
76463,22
76471,8
76481,10
76487,6
76493,6
76507,14
76511,4
76519,8
76537,18
76541,4
76543,2
76561,18
76579,18
76597,18
76603,6
76607,4
76631,24
76649,18
76651,2
76667,16
76673,6
76679,6
76697,18
76717,20
76733,16
76753,20
76757,4
76771,14
76777,6
76781,4
76801,20
76819,18
76829,10
76831,2
76837,6
76847,10
76871,24
76873,2
76883,10
76907,24
76913,6
76919,6
76943,24
76949,6
76961,12
76963,2
76991,28
77003,12
77017,14
77023,6
77029,6
77041,12
77047,6
77069,22
77081,12
77093,12
77101,8
77137,36
77141,4
77153,12
77167,14
77171,4
77191,20
77201,10
77213,12
77237,24
77239,2
77243,4
77249,6
77261,12
77263,2
77267,4
77269,2
77279,10
77291,12
77317,26
77323,6
77339,16
77347,8
77351,4
77359,8
77369,10
77377,8
77383,6
77417,34
77419,2
77431,12
77447,16
77471,24
77477,6
77479,2
77489,10
77491,2
77509,18
77513,4
77521,8
77527,6
77543,16
77549,6
77551,2
77557,6
77563,6
77569,6
77573,4
77587,14
77591,4
77611,20
77617,6
77621,4
77641,20
77647,6
77659,12
77681,22
77687,6
77689,2
77699,10
77711,12
77713,2
77719,6
77723,4
77731,8
77743,12
77747,4
77761,14
77773,12
77783,10
77797,14
77801,4
77813,12
77839,26
77849,10
77863,14
77867,4
77893,26
77899,6
77929,30
77933,4
77951,18
77969,18
77977,8
77983,6
77999,16
78007,8
78017,10
78031,14
78041,10
78049,8
78059,10
78079,20
78101,22
78121,20
78137,16
78139,2
78157,18
78163,6
78167,4
78173,6
78179,6
78191,12
78193,2
78203,10
78229,26
78233,4
78241,8
78259,18
78277,18
78283,6
78301,18
78307,6
78311,4
78317,6
78341,24
78347,6
78367,20
78401,34
78427,26
78437,10
78439,2
78467,28
78479,12
78487,8
78497,10
78509,12
78511,2
78517,6
78539,22
78541,2
78553,12
78569,16
78571,2
78577,6
78583,6
78593,10
78607,14
78623,16
78643,20
78649,6
78653,4
78691,38
78697,6
78707,10
78713,6
78721,8
78737,16
78779,42
78781,2
78787,6
78791,4
78797,6
78803,6
78809,6
78823,14
78839,16
78853,14
78857,4
78877,20
78887,10
78889,2
78893,4
78901,8
78919,18
78929,10
78941,12
78977,36
78979,2
78989,10
79031,42
79039,8
79043,4
79063,20
79087,24
79103,16
79111,8
79133,22
79139,6
79147,8
79151,4
79153,2
79159,6
79181,22
79187,6
79193,6
79201,8
79229,28
79231,2
79241,10
79259,18
79273,14
79279,6
79283,4
79301,18
79309,8
79319,10
79333,14
79337,4
79349,12
79357,8
79367,10
79379,12
79393,14
79397,4
79399,2
79411,12
79423,12
79427,4
79433,6
79451,18
79481,30
79493,12
79531,38
79537,6
79549,12
79559,10
79561,2
79579,18
79589,10
79601,12
79609,8
79613,4
79621,8
79627,6
79631,4
79633,2
79657,24
79669,12
79687,18
79691,4
79693,2
79697,4
79699,2
79757,58
79769,12
79777,8
79801,24
79811,10
79813,2
79817,4
79823,6
79829,6
79841,12
79843,2
79847,4
79861,14
79867,6
79873,6
79889,16
79901,12
79903,2
79907,4
79939,32
79943,4
79967,24
79973,6
79979,6
79987,8
79997,10
79999,2
80021,22
80039,18
80051,12
80071,20
80077,6
80107,30
80111,4
80141,30
80147,6
80149,2
80153,4
80167,14
80173,6
80177,4
80191,14
80207,16
80209,2
80221,12
80231,10
80233,2
80239,6
80251,12
80263,12
80273,10
80279,6
80287,8
80309,22
80317,8
80329,12
80341,12
80347,6
80363,16
80369,6
80387,18
80407,20
80429,22
80447,18
80449,2
80471,22
80473,2
80489,16
80491,2
80513,22
80527,14
80537,10
80557,20
80567,10
80599,32
80603,4
80611,8
80621,10
80627,6
80629,2
80651,22
80657,6
80669,12
80671,2
80677,6
80681,4
80683,2
80687,4
80701,14
80713,12
80737,24
80747,10
80749,2
80761,12
80777,16
80779,2
80783,4
80789,6
80803,14
80809,6
80819,10
80831,12
80833,2
80849,16
80863,14
80897,34
80909,12
80911,2
80917,6
80923,6
80929,6
80933,4
80953,20
80963,10
80989,26
81001,12
81013,12
81017,4
81019,2
81023,4
81031,8
81041,10
81043,2
81047,4
81049,2
81071,22
81077,6
81083,6
81097,14
81101,4
81119,18
81131,12
81157,26
81163,6
81173,10
81181,8
81197,16
81199,2
81203,4
81223,20
81233,10
81239,6
81281,42
81283,2
81293,10
81299,6
81307,8
81331,24
81343,12
81349,6
81353,4
81359,6
81371,12
81373,2
81401,28
81409,8
81421,12
81439,18
81457,18
81463,6
81509,46
81517,8
81527,10
81533,6
81547,14
81551,4
81553,2
81559,6
81563,4
81569,6
81611,42
81619,8
81629,10
81637,8
81647,10
81649,2
81667,18
81671,4
81677,6
81689,12
81701,12
81703,2
81707,4
81727,20
81737,10
81749,12
81761,12
81769,8
81773,4
81799,26
81817,18
81839,22
81847,8
81853,6
81869,16
81883,14
81899,16
81901,2
81919,18
81929,10
81931,2
81937,6
81943,6
81953,10
81967,14
81971,4
81973,2
82003,30
82007,4
82009,2
82013,4
82021,8
82031,10
82037,6
82039,2
82051,12
82067,16
82073,6
82129,56
82139,10
82141,2
82153,12
82163,10
82171,8
82183,12
82189,6
82193,4
82207,14
82217,10
82219,2
82223,4
82231,8
82237,6
82241,4
82261,20
82267,6
82279,12
82301,22
82307,6
82339,32
82349,10
82351,2
82361,10
82373,12
82387,14
82393,6
82421,28
82457,36
82463,6
82469,6
82471,2
82483,12
82487,4
82493,6
82499,6
82507,8
82529,22
82531,2
82549,18
82559,10
82561,2
82567,6
82571,4
82591,20
82601,10
82609,8
82613,4
82619,6
82633,14
82651,18
82657,6
82699,42
82721,22
82723,2
82727,4
82729,2
82757,28
82759,2
82763,4
82781,18
82787,6
82793,6
82799,6
82811,12
82813,2
82837,24
82847,10
82883,36
82889,6
82891,2
82903,12
82913,10
82939,26
82963,24
82981,18
82997,16
83003,6
83009,6
83023,14
83047,24
83059,12
83063,4
83071,8
83077,6
83089,12
83093,4
83101,8
83117,16
83137,20
83177,40
83203,26
83207,4
83219,12
83221,2
83227,6
83231,4
83233,2
83243,10
83257,14
83267,10
83269,2
83273,4
83299,26
83311,12
83339,28
83341,2
83357,16
83383,26
83389,6
83399,10
83401,2
83407,6
83417,10
83423,6
83431,8
83437,6
83443,6
83449,6
83459,10
83471,12
83477,6
83497,20
83537,40
83557,20
83561,4
83563,2
83579,16
83591,12
83597,6
83609,12
83617,8
83621,4
83639,18
83641,2
83653,12
83663,10
83689,26
83701,12
83717,16
83719,2
83737,18
83761,24
83773,12
83777,4
83791,14
83813,22
83833,20
83843,10
83857,14
83869,12
83873,4
83891,18
83903,12
83911,8
83921,10
83933,12
83939,6
83969,30
83983,14
83987,4
84011,24
84017,6
84047,30
84053,6
84059,6
84061,2
84067,6
84089,22
84121,32
84127,6
84131,4
84137,6
84143,6
84163,20
84179,16
84181,2
84191,10
84199,8
84211,12
84221,10
84223,2
84229,6
84239,10
84247,8
84263,16
84299,36
84307,8
84313,6
84317,4
84319,2
84347,28
84349,2
84377,28
84389,12
84391,2
84401,10
84407,6
84421,14
84431,10
84437,6
84443,6
84449,6
84457,8
84463,6
84467,4
84481,14
84499,18
84503,4
84509,6
84521,12
84523,2
84533,10
84551,18
84559,8
84589,30
84629,40
84631,2
84649,18
84653,4
84659,6
84673,14
84691,18
84697,6
84701,4
84713,12
84719,6
84731,12
84737,6
84751,14
84761,10
84787,26
84793,6
84809,16
84811,2
84827,16
84857,30
84859,2
84869,10
84871,2
84913,42
84919,6
84947,28
84961,14
84967,6
84977,10
84979,2
84991,12
85009,18
85021,12
85027,6
85037,10
85049,12
85061,12
85081,20
85087,6
85091,4
85093,2
85103,10
85109,6
85121,12
85133,12
85147,14
85159,12
85193,34
85199,6
85201,2
85213,12
85223,10
85229,6
85237,8
85243,6
85247,4
85259,12
85297,38
85303,6
85313,10
85331,18
85333,2
85361,28
85363,2
85369,6
85381,12
85411,30
85427,16
85429,2
85439,10
85447,8
85451,4
85453,2
85469,16
85487,18
85513,26
85517,4
85523,6
85531,8
85549,18
85571,22
85577,6
85597,20
85601,4
85607,6
85619,12
85621,2
85627,6
85639,12
85643,4
85661,18
85667,6
85669,2
85691,22
85703,12
85711,8
85717,6
85733,16
85751,18
85781,30
85793,12
85817,24
85819,2
85829,10
85831,2
85837,6
85843,6
85847,4
85853,6
85889,36
85903,14
85909,6
85931,22
85933,2
85991,58
85999,8
86011,12
86017,6
86027,10
86029,2
86069,40
86077,8
86083,6
86111,28
86113,2
86117,4
86131,14
86137,6
86143,6
86161,18
86171,10
86179,8
86183,4
86197,14
86201,4
86209,8
86239,30
86243,4
86249,6
86257,8
86263,6
86269,6
86287,18
86291,4
86293,2
86297,4
86311,14
86323,12
86341,18
86351,10
86353,2
86357,4
86369,12
86371,2
86381,10
86389,8
86399,10
86413,14
86423,10
86441,18
86453,12
86461,8
86467,6
86477,10
86491,14
86501,10
86509,8
86531,22
86533,2
86539,6
86561,22
86573,12
86579,6
86587,8
86599,12
86627,28
86629,2
86677,48
86689,12
86693,4
86711,18
86719,8
86729,10
86743,14
86753,10
86767,14
86771,4
86783,12
86813,30
86837,24
86843,6
86851,8
86857,6
86861,4
86869,8
86923,54
86927,4
86929,2
86939,10
86951,12
86959,8
86969,10
86981,12
86993,12
87011,18
87013,2
87037,24
87041,4
87049,8
87071,22
87083,12
87103,20
87107,4
87119,12
87121,2
87133,12
87149,16
87151,2
87179,28
87181,2
87187,6
87211,24
87221,10
87223,2
87251,28
87253,2
87257,4
87277,20
87281,4
87293,12
87299,6
87313,14
87317,4
87323,6
87337,14
87359,22
87383,24
87403,20
87407,4
87421,14
87427,6
87433,6
87443,10
87473,30
87481,8
87491,10
87509,18
87511,2
87517,6
87523,6
87539,16
87541,2
87547,6
87553,6
87557,4
87559,2
87583,24
87587,4
87589,2
87613,24
87623,10
87629,6
87631,2
87641,10
87643,2
87649,6
87671,22
87679,8
87683,4
87691,8
87697,6
87701,4
87719,18
87721,2
87739,18
87743,4
87751,8
87767,16
87793,26
87797,4
87803,6
87811,8
87833,22
87853,20
87869,16
87877,8
87881,4
87887,6
87911,24
87917,6
87931,14
87943,12
87959,16
87961,2
87973,12
87977,4
87991,14
88001,10
88003,2
88007,4
88019,12
88037,18
88069,32
88079,10
88093,14
88117,24
88129,12
88169,40
88177,8
88211,34
88223,12
88237,14
88241,4
88259,18
88261,2
88289,28
88301,12
88321,20
88327,6
88337,10
88339,2
88379,40
88397,18
88411,14
88423,12
88427,4
88463,36
88469,6
88471,2
88493,22
88499,6
88513,14
88523,10
88547,24
88589,42
88591,2
88607,16
88609,2
88643,34
88651,8
88657,6
88661,4
88663,2
88667,4
88681,14
88721,40
88729,8
88741,12
88747,6
88771,24
88789,18
88793,4
88799,6
88801,2
88807,6
88811,4
88813,2
88817,4
88819,2
88843,24
88853,10
88861,8
88867,6
88873,6
88883,10
88897,14
88903,6
88919,16
88937,18
88951,14
88969,18
88993,24
88997,4
89003,6
89009,6
89017,8
89021,4
89041,20
89051,10
89057,6
89069,12
89071,2
89083,12
89087,4
89101,14
89107,6
89113,6
89119,6
89123,4
89137,14
89153,16
89189,36
89203,14
89209,6
89213,4
89227,14
89231,4
89237,6
89261,24
89269,8
89273,4
89293,20
89303,10
89317,14
89329,12
89363,34
89371,8
89381,10
89387,6
89393,6
89399,6
89413,14
89417,4
89431,14
89443,12
89449,6
89459,10
89477,18
89491,14
89501,10
89513,12
89519,6
89521,2
89527,6
89533,6
89561,28
89563,2
89567,4
89591,24
89597,6
89599,2
89603,4
89611,8
89627,16
89633,6
89653,20
89657,4
89659,2
89669,10
89671,2
89681,10
89689,8
89753,64
89759,6
89767,8
89779,12
89783,4
89797,14
89809,12
89819,10
89821,2
89833,12
89839,6
89849,10
89867,18
89891,24
89897,6
89899,2
89909,10
89917,8
89923,6
89939,16
89959,20
89963,4
89977,14
89983,6
89989,6
90001,12
90007,6
90011,4
90017,6
90019,2
90023,4
90031,8
90053,22
90059,6
90067,8
90071,4
90073,2
90089,16
90107,18
90121,14
90127,6
90149,22
90163,14
90173,10
90187,14
90191,4
90197,6
90199,2
90203,4
90217,14
90227,10
90239,12
90247,8
90263,16
90271,8
90281,10
90289,8
90313,24
90353,40
90359,6
90371,12
90373,2
90379,6
90397,18
90401,4
90403,2
90407,4
90437,30
90439,2
90469,30
90473,4
90481,8
90499,18
90511,12
90523,12
90527,4
90529,2
90533,4
90547,14
90583,36
90599,16
90617,18
90619,2
90631,12
90641,10
90647,6
90659,12
90677,18
90679,2
90697,18
90703,6
90709,6
90731,22
90749,18
90787,38
90793,6
90803,10
90821,18
90823,2
90833,10
90841,8
90847,6
90863,16
90887,24
90901,14
90907,6
90911,4
90917,6
90931,14
90947,16
90971,24
90977,6
90989,12
90997,8
91009,12
91019,10
91033,14
91079,46
91081,2
91097,16
91099,2
91121,22
91127,6
91129,2
91139,10
91141,2
91151,10
91153,2
91159,6
91163,4
91183,20
91193,10
91199,6
91229,30
91237,8
91243,6
91249,6
91253,4
91283,30
91291,8
91297,6
91303,6
91309,6
91331,22
91367,36
91369,2
91373,4
91381,8
91387,6
91393,6
91397,4
91411,14
91423,12
91433,10
91453,20
91457,4
91459,2
91463,4
91493,30
91499,6
91513,14
91529,16
91541,12
91571,30
91573,2
91577,4
91583,6
91591,8
91621,30
91631,10
91639,8
91673,34
91691,18
91703,12
91711,8
91733,22
91753,20
91757,4
91771,14
91781,10
91801,20
91807,6
91811,4
91813,2
91823,10
91837,14
91841,4
91867,26
91873,6
91909,36
91921,12
91939,18
91943,4
91951,8
91957,6
91961,4
91967,6
91969,2
91997,28
92003,6
92009,6
92033,24
92041,8
92051,10
92077,26
92083,6
92107,24
92111,4
92119,8
92143,24
92153,10
92173,20
92177,4
92179,2
92189,10
92203,14
92219,16
92221,2
92227,6
92233,6
92237,4
92243,6
92251,8
92269,18
92297,28
92311,14
92317,6
92333,16
92347,14
92353,6
92357,4
92363,6
92369,6
92377,8
92381,4
92383,2
92387,4
92399,12
92401,2
92413,12
92419,6
92431,12
92459,28
92461,2
92467,6
92479,12
92489,10
92503,14
92507,4
92551,44
92557,6
92567,10
92569,2
92581,12
92593,12
92623,30
92627,4
92639,12
92641,2
92647,6
92657,10
92669,12
92671,2
92681,10
92683,2
92693,10
92699,6
92707,8
92717,10
92723,6
92737,14
92753,16
92761,8
92767,6
92779,12
92789,10
92791,2
92801,10
92809,8
92821,12
92831,10
92849,18
92857,8
92861,4
92863,2
92867,4
92893,26
92899,6
92921,22
92927,6
92941,14
92951,10
92957,6
92959,2
92987,28
92993,6
93001,8
93047,46
93053,6
93059,6
93077,18
93083,6
93089,6
93097,8
93103,6
93113,10
93131,18
93133,2
93139,6
93151,12
93169,18
93179,10
93187,8
93199,12
93229,30
93239,10
93241,2
93251,10
93253,2
93257,4
93263,6
93281,18
93283,2
93287,4
93307,20
93319,12
93323,4
93329,6
93337,8
93371,34
93377,6
93383,6
93407,24
93419,12
93427,8
93463,36
93479,16
93481,2
93487,6
93491,4
93493,2
93497,4
93503,6
93523,20
93529,6
93553,24
93557,4
93559,2
93563,4
93581,18
93601,20
93607,6
93629,22
93637,8
93683,46
93701,18
93703,2
93719,16
93739,20
93761,22
93763,2
93787,24
93809,22
93811,2
93827,16
93851,24
93871,20
93887,16
93889,2
93893,4
93901,8
93911,10
93913,2
93923,10
93937,14
93941,4
93949,8
93967,18
93971,4
93979,8
93983,4
93997,14
94007,10
94009,2
94033,24
94049,16
94057,8
94063,6
94079,16
94099,20
94109,10
94111,2
94117,6
94121,4
94151,30
94153,2
94169,16
94201,32
94207,6
94219,12
94229,10
94253,24
94261,8
94273,12
94291,18
94307,16
94309,2
94321,12
94327,6
94331,4
94343,12
94349,6
94351,2
94379,28
94397,18
94399,2
94421,22
94427,6
94433,6
94439,6
94441,2
94447,6
94463,16
94477,14
94483,6
94513,30
94529,16
94531,2
94541,10
94543,2
94547,4
94559,12
94561,2
94573,12
94583,10
94597,14
94603,6
94613,10
94621,8
94649,28
94651,2
94687,36
94693,6
94709,16
94723,14
94727,4
94747,20
94771,24
94777,6
94781,4
94789,8
94793,4
94811,18
94819,8
94823,4
94837,14
94841,4
94847,6
94849,2
94873,24
94889,16
94903,14
94907,4
94933,26
94949,16
94951,2
94961,10
94993,32
94999,6
95003,4
95009,6
95021,12
95027,6
95063,36
95071,8
95083,12
95087,4
95089,2
95093,4
95101,8
95107,6
95111,4
95131,20
95143,12
95153,10
95177,24
95189,12
95191,2
95203,12
95213,10
95219,6
95231,12
95233,2
95239,6
95257,18
95261,4
95267,6
95273,6
95279,6
95287,8
95311,24
95317,6
95327,10
95339,12
95369,30
95383,14
95393,10
95401,8
95413,12
95419,6
95429,10
95441,12
95443,2
95461,18
95467,6
95471,4
95479,8
95483,4
95507,24
95527,20
95531,4
95539,8
95549,10
95561,12
95569,8
95581,12
95597,16
95603,6
95617,14
95621,4
95629,8
95633,4
95651,18
95701,50
95707,6
95713,6
95717,4
95723,6
95731,8
95737,6
95747,10
95773,26
95783,10
95789,6
95791,2
95801,10
95803,2
95813,10
95819,6
95857,38
95869,12
95873,4
95881,8
95891,10
95911,20
95917,6
95923,6
95929,6
95947,18
95957,10
95959,2
95971,12
95987,16
95989,2
96001,12
96013,12
96017,4
96043,26
96053,10
96059,6
96079,20
96097,18
96137,40
96149,12
96157,8
96167,10
96179,12
96181,2
96199,18
96211,12
96221,10
96223,2
96233,10
96259,26
96263,4
96269,6
96281,12
96289,8
96293,4
96323,30
96329,6
96331,2
96337,6
96353,16
96377,24
96401,24
96419,18
96431,12
96443,12
96451,8
96457,6
96461,4
96469,8
96479,10
96487,8
96493,6
96497,4
96517,20
96527,10
96553,26
96557,4
96581,24
96587,6
96589,2
96601,12
96643,42
96661,18
96667,6
96671,4
96697,26
96703,6
96731,28
96737,6
96739,2
96749,10
96757,8
96763,6
96769,6
96779,10
96787,8
96797,10
96799,2
96821,22
96823,2
96827,4
96847,20
96851,4
96857,6
96893,36
96907,14
96911,4
96931,20
96953,22
96959,6
96973,14
96979,6
96989,10
96997,8
97001,4
97003,2
97007,4
97021,14
97039,18
97073,34
97081,8
97103,22
97117,14
97127,10
97151,24
97157,6
97159,2
97169,10
97171,2
97177,6
97187,10
97213,26
97231,18
97241,10
97259,18
97283,24
97301,18
97303,2
97327,24
97367,40
97369,2
97373,4
97379,6
97381,2
97387,6
97397,10
97423,26
97429,6
97441,12
97453,12
97459,6
97463,4
97499,36
97501,2
97511,10
97523,12
97547,24
97549,2
97553,4
97561,8
97571,10
97577,6
97579,2
97583,4
97607,24
97609,2
97613,4
97649,36
97651,2
97673,22
97687,14
97711,24
97729,18
97771,42
97777,6
97787,10
97789,2
97813,24
97829,16
97841,12
97843,2
97847,4
97849,2
97859,10
97861,2
97871,10
97879,8
97883,4
97919,36
97927,8
97931,4
97943,12
97961,18
97967,6
97973,6
97987,14
98009,22
98011,2
98017,6
98041,24
98047,6
98057,10
98081,24
98101,20
98123,22
98129,6
98143,14
98179,36
98207,28
98213,6
98221,8
98227,6
98251,24
98257,6
98269,12
98297,28
98299,2
98317,18
98321,4
98323,2
98327,4
98347,20
98369,22
98377,8
98387,10
98389,2
98407,18
98411,4
98419,8
98429,10
98443,14
98453,10
98459,6
98467,8
98473,6
98479,6
98491,12
98507,16
98519,12
98533,14
98543,10
98561,18
98563,2
98573,10
98597,24
98621,24
98627,6
98639,12
98641,2
98663,22
98669,6
98689,20
98711,22
98713,2
98717,4
98729,12
98731,2
98737,6
98773,36
98779,6
98801,22
98807,6
98809,2
98837,28
98849,12
98867,18
98869,2
98873,4
98887,14
98893,6
98897,4
98899,2
98909,10
98911,2
98927,16
98929,2
98939,10
98947,8
98953,6
98963,10
98981,18
98993,12
98999,6
99013,14
99017,4
99023,6
99041,18
99053,12
99079,26
99083,4
99089,6
99103,14
99109,6
99119,10
99131,12
99133,2
99137,4
99139,2
99149,10
99173,24
99181,8
99191,10
99223,32
99233,10
99241,8
99251,10
99257,6
99259,2
99277,18
99289,12
99317,28
99347,30
99349,2
99367,18
99371,4
99377,6
99391,14
99397,6
99401,4
99409,8
99431,22
99439,8
99469,30
99487,18
99497,10
99523,26
99527,4
99529,2
99551,22
99559,8
99563,4
99571,8
99577,6
99581,4
99607,26
99611,4
99623,12
99643,20
99661,18
99667,6
99679,12
99689,10
99707,18
99709,2
99713,4
99719,6
99721,2
99733,12
99761,28
99767,6
99787,20
99793,6
99809,16
99817,8
99823,6
99829,6
99833,4
99839,6
99859,20
99871,12
99877,6
99881,4
99901,20
99907,6
99923,16
99929,6
99961,32
99971,10
99989,18
99991,2
