500009,30
500029,20
500041,12
500057,16
500069,12
500083,14
500107,24
500111,4
500113,2
500119,6
500153,34
500167,14
500173,6
500177,4
500179,2
500197,18
500209,12
500231,22
500233,2
500237,4
500239,2
500249,10
500257,8
500287,30
500299,12
500317,18
500321,4
500333,12
500341,8
500363,22
500369,6
500389,20
500393,4
500413,20
500417,4
500431,14
500443,12
500459,16
500471,12
500473,2
500483,10
500501,18
500509,8
500519,10
500527,8
500567,40
500579,12
500587,8
500603,16
500629,26
500671,42
500677,6
500693,16
500699,6
500713,14
500719,6
500723,4
500729,6
500741,12
500777,36
500791,14
500807,16
500809,2
500831,22
500839,8
500861,22
500873,12
500881,8
500887,6
500891,4
500909,18
500911,2
500921,10
500923,2
500933,10
500947,14
500953,6
500957,4
500977,20
501001,24
501013,12
501019,6
501029,10
501031,2
501037,6
501043,6
501077,34
501089,12
501103,14
501121,18
501131,10
501133,2
501139,6
501157,18
501173,16
501187,14
501191,4
501197,6
501203,6
501209,6
501217,8
501223,6
501229,6
501233,4
501257,24
501271,14
501287,16
501299,12
501317,18
501341,24
501343,2
501367,24
501383,16
501401,18
501409,8
501419,10
501427,8
501451,24
501463,12
501493,30
501503,10
501511,8
501563,52
501577,14
501593,16
501601,8
501617,16
501623,6
501637,14
501659,22
501691,32
501701,10
501703,2
501707,4
501719,12
501731,12
501769,38
501779,10
501803,24
501817,14
501821,4
501827,6
501829,2
501841,12
501863,22
501889,26
501911,22
501931,20
501947,16
501953,6
501967,14
501971,4
501997,26
502001,4
502013,12
502039,26
502043,4
502057,14
502063,6
502079,16
502081,2
502087,6
502093,6
502121,28
502133,12
502141,8
502171,30
502181,10
502217,36
502237,20
502247,10
502259,12
502261,2
502277,16
502301,24
502321,20
502339,18
502393,54
502409,16
502421,12
502429,8
502441,12
502451,10
502487,36
502499,12
502501,2
502507,6
502517,10
502543,26
502549,6
502553,4
502591,38
502597,6
502613,16
502631,18
502633,2
502643,10
502651,8
502669,18
502687,18
502699,12
502703,4
502717,14
502729,12
502769,40
502771,2
502781,10
502787,6
502807,20
502819,12
502829,10
502841,12
502847,6
502861,14
502883,22
502919,36
502921,2
502937,16
502961,24
502973,12
503003,30
503017,14
503039,22
503053,14
503077,24
503123,46
503131,8
503137,6
503147,10
503159,12
503197,38
503207,10
503213,6
503227,14
503231,4
503233,2
503249,16
503267,18
503287,20
503297,10
503303,6
503317,14
503339,22
503351,12
503359,8
503369,10
503381,12
503383,2
503389,6
503407,18
503413,6
503423,10
503431,8
503441,10
503453,12
503483,30
503501,18
503543,42
503549,6
503551,2
503563,12
503593,30
503599,6
503609,10
503611,2
503621,10
503623,2
503647,24
503653,6
503663,10
503707,44
503717,10
503743,26
503753,10
503771,18
503777,6
503779,2
503791,12
503803,12
503819,16
503821,2
503827,6
503851,24
503857,6
503869,12
503879,10
503911,32
503927,16
503929,2
503939,10
503947,8
503959,12
503963,4
503969,6
503983,14
503989,6
504001,12
504011,10
504017,6
504047,30
504061,14
504073,12
504103,30
504121,18
504139,18
504143,4
504149,6
504151,2
504157,6
504181,24
504187,6
504197,10
504209,12
504221,12
504247,26
504269,22
504289,20
504299,10
504307,8
504311,4
504323,12
504337,14
504349,12
504353,4
504359,6
504377,18
504379,2
504389,10
504403,14
504457,54
504461,4
504473,12
504479,6
504521,42
504523,2
504527,4
504547,20
504563,16
504593,30
504599,6
504607,8
504617,10
504619,2
504631,12
504661,30
504667,6
504671,4
504677,6
504683,6
504727,44
504767,40
504787,20
504797,10
504799,2
504817,18
504821,4
504851,30
504853,2
504857,4
504871,14
504877,6
504893,16
504901,8
504929,28
504937,8
504943,6
504947,4
504953,6
504967,14
504983,16
504989,6
504991,2
505027,36
505031,4
505033,2
505049,16
505051,2
505061,10
505067,6
505073,6
505091,18
505097,6
505111,14
505117,6
505123,6
505129,6
505139,10
505157,18
505159,2
505181,22
505187,6
505201,14
505213,12
505231,18
505237,6
505277,40
505279,2
505283,4
505301,18
505313,12
505319,6
505321,2
505327,6
505339,12
505357,18
505367,10
505369,2
505399,30
505409,10
505411,2
505429,18
505447,18
505459,12
505469,10
505481,12
505493,12
505501,8
505511,10
505513,2
505523,10
505537,14
505559,22
505573,14
505601,28
505607,6
505613,6
505619,6
505633,14
505639,6
505643,4
505657,14
505663,6
505669,6
505691,22
505693,2
505709,16
505711,2
505727,16
505759,32
505763,4
505777,14
505781,4
505811,30
505819,8
505823,4
505867,44
505871,4
505877,6
505907,30
505919,12
505927,8
505949,22
505961,12
505969,8
505979,10
506047,68
506071,24
506083,12
506101,18
506113,12
506119,6
506131,12
506147,16
506171,24
506173,2
506183,10
506201,18
506213,12
506251,38
506263,12
506269,6
506281,12
506291,10
506327,36
506329,2
506333,4
506339,6
506347,8
506351,4
506357,6
506381,24
506393,12
506417,24
506423,6
506449,26
506459,10
506461,2
506479,18
506491,12
506501,10
506507,6
506531,24
506533,2
506537,4
506551,14
506563,12
506573,10
506591,18
506593,2
506599,6
506609,10
506629,20
506647,18
506663,16
506683,20
506687,4
506689,2
506699,10
506729,30
506731,2
506743,12
506773,30
506783,10
506791,8
506797,6
506809,12
506837,28
506843,6
506861,18
506873,12
506887,14
506893,6
506899,6
506903,4
506911,8
506929,18
506941,12
506963,22
506983,20
506993,10
506999,6
507029,30
507049,20
507071,22
507077,6
507079,2
507103,24
507109,6
507113,4
507119,6
507137,18
507139,2
507149,10
507151,2
507163,12
507193,30
507197,4
507217,20
507289,72
507301,12
507313,12
507317,4
507329,12
507347,18
507349,2
507359,10
507361,2
507371,10
507383,12
507401,18
507421,20
507431,10
507461,30
507491,30
507497,6
507499,2
507503,4
507523,20
507557,34
507571,14
507589,18
507593,4
507599,6
507607,8
507631,24
507641,10
507667,26
507673,6
507691,18
507697,6
507713,16
507719,6
507743,24
507757,14
507779,22
507781,2
507797,16
507803,6
507809,6
507821,12
507827,6
507839,12
507883,44
507901,18
507907,6
507917,10
507919,2
507937,18
507953,16
507961,8
507971,10
507979,8
508009,30
508019,10
508021,2
508033,12
508037,4
508073,36
508087,14
508091,4
508097,6
508103,6
508129,26
508159,30
508171,12
508187,16
508213,26
508223,10
508229,6
508237,8
508243,6
508259,16
508271,12
508273,2
508297,24
508301,4
508327,26
508331,4
508349,18
508363,14
508367,4
508373,6
508393,20
508433,40
508439,6
508451,12
508471,20
508477,6
508489,12
508499,10
508513,14
508517,4
508531,14
508549,18
508559,10
508567,8
508577,10
508579,2
508583,4
508619,36
508621,2
508637,16
508643,6
508661,18
508693,32
508709,16
508727,18
508771,44
508789,18
508799,10
508811,12
508817,6
508841,24
508847,6
508867,20
508901,34
508903,2
508909,6
508913,4
508919,6
508931,12
508943,12
508951,8
508957,6
508961,4
508969,8
508973,4
508987,14
509023,36
509027,4
509053,26
509063,10
509071,8
509087,16
509101,14
509123,22
509137,14
509147,10
509149,2
509203,54
509221,18
509227,6
509239,12
509263,24
509281,18
509287,6
509293,6
509297,4
509317,20
509329,12
509359,30
509363,4
509389,26
509393,4
509413,20
509417,4
509429,12
509441,12
509449,8
509477,28
509513,36
509521,8
509543,22
509549,6
509557,8
509563,6
509569,6
509573,4
509581,8
509591,10
509603,12
509623,20
509633,10
509647,14
509653,6
509659,6
509681,22
509687,6
509689,2
509693,4
509699,6
509723,24
509731,8
509737,6
509741,4
509767,26
509783,16
509797,14
509801,4
509833,32
509837,4
509843,6
509863,20
509867,4
509879,12
509909,30
509911,2
509921,10
509939,18
509947,8
509959,12
509963,4
509989,26
510007,18
510031,24
510047,16
510049,2
510061,12
510067,6
510073,6
510077,4
510079,2
510089,10
510101,12
510121,20
510127,6
510137,10
510157,20
510179,22
510199,20
510203,4
510217,14
510227,10
510233,6
510241,8
510247,6
510253,6
510271,18
510287,16
510299,12
510311,12
510319,8
510331,12
510361,30
510379,18
510383,4
510401,18
510403,2
510449,46
510451,2
510457,6
510463,6
510481,18
510529,48
510551,22
510553,2
510569,16
510581,12
510583,2
510589,6
510611,22
510613,2
510617,4
510619,2
510677,58
510683,6
510691,8
510707,16
510709,2
510751,42
510767,16
510773,6
510793,20
510803,10
510817,14
510823,6
510827,4
510847,20
510889,42
510907,18
510919,12
510931,12
510941,10
510943,2
510989,46
511001,12
511013,12
511019,6
511033,14
511039,6
511057,18
511061,4
511087,26
511109,22
511111,2
511123,12
511151,28
511153,2
511163,10
511169,6
511171,2
511177,6
511193,16
511201,8
511211,10
511213,2
511223,10
511237,14
511243,6
511261,18
511279,18
511289,10
511297,8
511327,30
511333,6
511337,4
511351,14
511361,10
511387,26
511391,4
511409,18
511417,8
511439,22
511447,8
511453,6
511457,4
511463,6
511477,14
511487,10
511507,20
511519,12
511523,4
511541,18
511549,8
511559,10
511573,14
511579,6
511583,4
511591,8
511603,12
511627,24
511631,4
511633,2
511669,36
511691,22
511703,12
511711,8
511723,12
511757,34
511787,30
511793,6
511801,8
511811,10
511831,20
511843,12
511859,16
511867,8
511873,6
511891,18
511897,6
511909,12
511933,24
511939,6
511961,22
511963,2
511991,28
511997,6
512009,12
512011,2
512021,10
512047,26
512059,12
512093,34
512101,8
512137,36
512147,10
512167,20
512207,40
512249,42
512251,2
512269,18
512287,18
512311,24
512321,10
512333,12
512353,20
512389,36
512419,30
512429,10
512443,14
512467,24
512497,30
512503,6
512507,4
512521,14
512531,10
512537,6
512543,6
512569,26
512573,4
512579,6
512581,2
512591,10
512593,2
512597,4
512609,12
512621,12
512641,20
512657,16
512663,6
512671,8
512683,12
512711,28
512713,2
512717,4
512741,24
512747,6
512761,14
512767,6
512779,12
512797,18
512803,6
512819,16
512821,2
512843,22
512849,6
512891,42
512899,8
512903,4
512917,14
512921,4
512927,6
512929,2
512959,30
512977,18
512989,12
512999,10
513001,2
513013,12
513017,4
513031,14
513041,10
513047,6
513053,6
513059,6
513067,8
513083,16
513101,18
513103,2
513109,6
513131,22
513137,6
513157,20
513167,10
513169,2
513173,4
513203,30
513239,36
513257,18
513269,12
513277,8
513283,6
513307,24
513311,4
513313,2
513319,6
513341,22
513347,6
513353,6
513367,14
513371,4
513397,26
513407,10
513419,12
513427,8
513431,4
513439,8
513473,34
513479,6
513481,2
513509,28
513511,2
513529,18
513533,4
513593,60
513631,38
513641,10
513649,8
513673,24
513679,6
513683,4
513691,8
513697,6
513719,22
513727,8
513731,4
513739,8
513749,10
513761,12
513767,6
513769,2
513781,12
513829,48
513839,10
513841,2
513871,30
513881,10
513899,18
513917,18
513923,6
513937,14
513943,6
513977,34
513991,14
514001,10
514009,8
514013,4
514021,8
514049,28
514051,2
514057,6
514061,4
514079,18
514081,2
514093,12
514103,10
514117,14
514123,6
514127,4
514147,20
514177,30
514187,10
514201,14
514219,18
514229,10
514243,14
514247,4
514249,2
514271,22
514277,6
514289,12
514309,20
514313,4
514333,20
514343,10
514357,14
514361,4
514379,18
514399,20
514417,18
514429,12
514433,4
514453,20
514499,46
514513,14
514519,6
514523,4
514529,6
514531,2
514543,12
514561,18
514571,10
514621,50
514637,16
514639,2
514643,4
514649,6
514651,2
514669,18
514681,12
514711,30
514733,22
514739,6
514741,2
514747,6
514751,4
514757,6
514769,12
514783,14
514793,10
514819,26
514823,4
514831,8
514841,10
514847,6
514853,6
514859,6
514867,8
514873,6
514889,16
514903,14
514933,30
514939,6
514949,10
514967,18
515041,74
515087,46
515089,2
515111,22
515143,32
515149,6
515153,4
515173,20
515191,18
515227,36
515231,4
515233,2
515237,4
515279,42
515293,14
515311,18
515323,12
515351,28
515357,6
515369,12
515371,2
515377,6
515381,4
515401,20
515429,28
515477,48
515507,30
515519,12
515539,20
515563,24
515579,16
515587,8
515597,10
515611,14
515621,10
515639,18
515651,12
515653,2
515663,10
515677,14
515681,4
515687,6
515693,6
515701,8
515737,36
515741,4
515761,20
515771,10
515773,2
515777,4
515783,6
515803,20
515813,10
515839,26
515843,4
515857,14
515861,4
515873,12
515887,14
515917,30
515923,6
515929,6
515941,12
515951,10
515969,18
515993,24
516017,24
516023,6
516049,26
516053,4
516077,24
516091,14
516127,36
516151,24
516157,6
516161,4
516163,2
516169,6
516179,10
516193,14
516199,6
516209,10
516223,14
516227,4
516233,6
516247,14
516251,4
516253,2
516277,24
516283,6
516293,10
516319,26
516323,4
516349,26
516359,10
516361,2
516371,10
516377,6
516391,14
516407,16
516421,14
516431,10
516433,2
516437,4
516449,12
516457,8
516469,12
516493,24
516499,6
516517,18
516521,4
516539,18
516541,2
516563,22
516587,24
516589,2
516599,10
516611,12
516617,6
516619,2
516623,4
516643,20
516653,10
516673,20
516679,6
516689,10
516701,12
516709,8
516713,4
516721,8
516727,6
516757,30
516793,36
516811,18
516821,10
516829,8
516839,10
516847,8
516871,24
516877,6
516883,6
516907,24
516911,4
516931,20
516947,16
516949,2
516959,10
516973,14
516977,4
516979,2
516991,12
517003,12
517043,40
517061,18
517067,6
517073,6
517079,6
517081,2
517087,6
517091,4
517129,38
517151,22
517169,18
517177,8
517183,6
517189,6
517207,18
517211,4
517217,6
517229,12
517241,12
517243,2
517249,6
517261,12
517267,6
517277,10
517289,12
517303,14
517337,34
517343,6
517367,24
517373,6
517381,8
517393,12
517399,6
517403,4
517411,8
517417,6
517457,40
517459,2
517469,10
517471,2
517481,10
517487,6
517499,12
517501,2
517507,6
517511,4
517513,2
517547,34
517549,2
517553,4
517571,18
517577,6
517589,12
517597,8
517603,6
517609,6
517613,4
517619,6
517637,18
517639,2
517711,72
517717,6
517721,4
517729,8
517733,4
517739,6
517747,8
517817,70
517823,6
517831,8
517861,30
517873,12
517877,4
517901,24
517919,18
517927,8
517931,4
517949,18
517967,18
517981,14
517991,10
517999,8
518017,18
518047,30
518057,10
518059,2
518083,24
518099,16
518101,2
518113,12
518123,10
518129,6
518131,2
518137,6
518153,16
518159,6
518171,12
518179,8
518191,12
518207,16
518209,2
518233,24
518237,4
518239,2
518249,10
518261,12
518291,30
518299,8
518311,12
518327,16
518341,14
518387,46
518389,2
518411,22
518417,6
518429,12
518431,2
518447,16
518467,20
518471,4
518473,2
518509,36
518521,12
518533,12
518543,10
518579,36
518587,8
518597,10
518611,14
518621,10
518657,36
518689,32
518699,10
518717,18
518729,12
518737,8
518741,4
518743,2
518747,4
518759,12
518761,2
518767,6
518779,12
518801,22
518803,2
518807,4
518809,2
518813,4
518831,18
518863,32
518867,4
518893,26
518911,18
518933,22
518953,20
518981,28
518983,2
518989,6
519011,22
519031,20
519037,6
519067,30
519083,16
519089,6
519091,2
519097,6
519107,10
519119,12
519121,2
519131,10
519151,20
519161,10
519193,32
519217,24
519227,10
519229,2
519247,18
519257,10
519269,12
519283,14
519287,4
519301,14
519307,6
519349,42
519353,4
519359,6
519371,12
519373,2
519383,10
519391,8
519413,22
519427,14
519433,6
519457,24
519487,30
519499,12
519509,10
519521,12
519523,2
519527,4
519539,12
519551,12
519553,2
519577,24
519581,4
519587,6
519611,24
519619,8
519643,24
519647,4
519667,20
519683,16
519691,8
519703,12
519713,10
519733,20
519737,4
519769,32
519787,18
519793,6
519797,4
519803,6
519817,14
519863,46
519881,18
519889,8
519907,18
519917,10
519919,2
519923,4
519931,8
519943,12
519947,4
519971,24
519989,18
519997,8
520019,22
520021,2
520031,10
520043,12
520063,20
520067,4
520073,6
520103,30
520111,8
520123,12
520129,6
520151,22
520193,42
520213,20
520241,28
520279,38
520291,12
520297,6
520307,10
520309,2
520313,4
520339,26
520349,10
520357,8
520361,4
520363,2
520369,6
520379,10
520381,2
520393,12
520409,16
520411,2
520423,12
520427,4
520433,6
520447,14
520451,4
520529,78
520547,18
520549,2
520567,18
520571,4
520589,18
520607,18
520609,2
520621,12
520631,10
520633,2
520649,16
520679,30
520691,12
520699,8
520703,4
520717,14
520721,4
520747,26
520759,12
520763,4
520787,24
520813,26
520837,24
520841,4
520853,12
520867,14
520889,22
520913,24
520921,8
520943,22
520957,14
520963,6
520967,4
520969,2
520981,12
521009,28
521021,12
521023,2
521039,16
521041,2
521047,6
521051,4
521063,12
521107,44
521119,12
521137,18
521153,16
521161,8
521167,6
521173,6
521177,4
521179,2
521201,22
521231,30
521243,12
521251,8
521267,16
521281,14
521299,18
521309,10
521317,8
521329,12
521357,28
521359,2
521363,4
521369,6
521377,8
521393,16
521399,6
521401,2
521429,28
521447,18
521471,24
521483,12
521491,8
521497,6
521503,6
521519,16
521527,8
521533,6
521537,4
521539,2
521551,12
521557,6
521567,10
521581,14
521603,22
521641,38
521657,16
521659,2
521669,10
521671,2
521693,22
521707,14
521723,16
521743,20
521749,6
521753,4
521767,14
521777,10
521789,12
521791,2
521809,18
521813,4
521819,6
521831,12
521861,30
521869,8
521879,10
521881,2
521887,6
521897,10
521903,6
521923,20
521929,6
521981,52
521993,12
521999,6
522017,18
522037,20
522047,10
522059,12
522061,2
522073,12
522079,6
522083,4
522113,30
522127,14
522157,30
522161,4
522167,6
522191,24
522199,8
522211,12
522227,16
522229,2
522233,4
522239,6
522251,12
522259,8
522281,22
522283,2
522289,6
522317,28
522323,6
522337,14
522371,34
522373,2
522383,10
522391,8
522409,18
522413,4
522439,26
522449,10
522469,20
522479,10
522497,18
522517,20
522521,4
522523,2
522541,18
522553,12
522569,16
522601,32
522623,22
522637,14
522659,22
522661,2
522673,12
522677,4
522679,2
522689,10
522703,14
522707,4
522719,12
522737,18
522749,12
522757,8
522761,4
522763,2
522787,24
522811,24
522827,16
522829,2
522839,10
522853,14
522857,4
522871,14
522881,10
522883,2
522887,4
522919,32
522943,24
522947,4
522959,12
522961,2
522989,28
523007,18
523021,14
523031,10
523049,18
523093,44
523097,4
523109,12
523129,20
523169,40
523177,8
523207,30
523213,6
523219,6
523261,42
523297,36
523307,10
523333,26
523349,16
523351,2
523357,6
523387,30
523403,16
523417,14
523427,10
523433,6
523459,26
523463,4
523487,24
523489,2
523493,4
523511,18
523519,8
523541,22
523543,2
523553,10
523571,18
523573,2
523577,4
523597,20
523603,6
523631,28
523637,6
523639,2
523657,18
523667,10
523669,2
523673,4
523681,8
523717,36
523729,12
523741,12
523759,18
523763,4
523771,8
523777,6
523793,16
523801,8
523829,28
523847,18
523867,20
523877,10
523903,26
523907,4
523927,20
523937,10
523949,12
523969,20
523987,18
523997,10
524047,50
524053,6
524057,4
524063,6
524071,8
524081,10
524087,6
524099,12
524113,14
524119,6
524123,4
524149,26
524171,22
524189,18
524197,8
524201,4
524203,2
524219,16
524221,2
524231,10
524243,12
524257,14
524261,4
524269,8
524287,18
524309,22
524341,32
524347,6
524351,4
524353,2
524369,16
524387,18
524389,2
524411,22
524413,2
524429,16
524453,24
524497,44
524507,10
524509,2
524519,10
524521,2
524591,70
524593,2
524599,6
524633,34
524669,36
524681,12
524683,2
524701,18
524707,6
524731,24
524743,12
524789,46
524801,12
524803,2
524827,24
524831,4
524857,26
524863,6
524869,6
524873,4
524893,20
524899,6
524921,22
524933,12
524939,6
524941,2
524947,6
524957,10
524959,2
524963,4
524969,6
524971,2
524981,10
524983,2
524999,16
525001,2
525013,12
525017,4
525029,12
525043,14
525101,58
525127,26
525137,10
525143,6
525157,14
525163,6
525167,4
525191,24
525193,2
525199,6
525209,10
525221,12
525241,20
525247,6
525253,6
525257,4
525299,42
525313,14
525353,40
525359,6
525361,2
525373,12
525377,4
525379,2
525391,12
525397,6
525409,12
525431,22
525433,2
525439,6
525457,18
525461,4
525467,6
525491,24
525493,2
525517,24
525529,12
525533,4
525541,8
525571,30
525583,12
525593,10
525599,6
525607,8
525641,34
525649,8
525671,22
525677,6
525697,20
525709,12
525713,4
525719,6
525727,8
525731,4
525739,8
525769,30
525773,4
525781,8
525809,28
525817,8
525839,22
525869,30
525871,2
525887,16
525893,6
525913,20
525923,10
525937,14
525947,10
525949,2
525953,4
525961,8
525979,18
525983,4
526027,44
526037,10
526049,12
526051,2
526063,12
526067,4
526069,2
526073,4
526087,14
526117,30
526121,4
526139,18
526157,18
526159,2
526189,30
526193,4
526199,6
526213,14
526223,10
526231,8
526249,18
526271,22
526283,12
526289,6
526291,2
526297,6
526307,10
526367,60
526373,6
526381,8
526387,6
526391,4
526397,6
526423,26
526429,6
526441,12
526453,12
526459,6
526483,24
526499,16
526501,2
526511,10
526531,20
526543,12
526571,28
526573,2
526583,10
526601,18
526619,18
526627,8
526633,6
526637,4
526649,12
526651,2
526657,6
526667,10
526679,12
526681,2
526703,22
526709,6
526717,8
526733,16
526739,6
526741,2
526759,18
526763,4
526777,14
526781,4
526829,48
526831,2
526837,6
526853,16
526859,6
526871,12
526909,38
526913,4
526931,18
526937,6
526943,6
526951,8
526957,6
526963,6
526993,30
526997,4
527053,56
527057,4
527063,6
527069,6
527071,2
527081,10
527099,18
527123,24
527129,6
527143,14
527159,16
527161,2
527173,12
527179,6
527203,24
527207,4
527209,2
527237,28
527251,14
527273,22
527281,8
527291,10
527327,36
527333,6
527347,14
527353,6
527377,24
527381,4
527393,12
527399,6
527407,8
527411,4
527419,8
527441,22
527447,6
527453,6
527489,36
527507,18
527533,26
527557,24
527563,6
527581,18
527591,10
527599,8
527603,4
527623,20
527627,4
527633,6
527671,38
527699,28
527701,2
527729,28
527741,12
527749,8
527753,4
527789,36
527803,14
527809,6
527819,10
527843,24
527851,8
527869,18
527881,12
527897,16
527909,12
527921,12
527929,8
527941,12
527981,40
527983,2
527987,4
527993,6
528001,8
528013,12
528041,28
528043,2
528053,10
528091,38
528097,6
528107,10
528127,20
528131,4
528137,6
528163,26
528167,4
528191,24
528197,6
528217,20
528223,6
528247,24
528263,16
528289,26
528299,10
528313,14
528317,4
528329,12
528373,44
528383,10
528391,8
528401,10
528403,2
528413,10
528419,6
528433,14
528469,36
528487,18
528491,4
528509,18
528511,2
528527,16
528559,32
528611,52
528623,12
528629,6
528631,2
528659,28
528667,8
528673,6
528679,6
528691,12
528707,16
528709,2
528719,10
528763,44
528779,16
528791,12
528799,8
528811,12
528821,10
528823,2
528833,10
528863,30
528877,14
528881,4
528883,2
528911,28
528929,18
528947,18
528967,20
528971,4
528973,2
528991,18
529003,12
529007,4
529027,20
529033,6
529037,4
529043,6
529049,6
529051,2
529097,46
529103,6
529117,14
529121,4
529127,6
529129,2
529153,24
529157,4
529181,24
529183,2
529213,30
529229,16
529237,8
529241,4
529259,18
529271,12
529273,2
529301,28
529307,6
529313,6
529327,14
529343,16
529349,6
529357,8
529381,24
529393,12
529411,18
529421,10
529423,2
529471,48
529489,18
529513,24
529517,4
529519,2
529531,12
529547,16
529577,30
529579,2
529603,24
529619,16
529637,18
529649,12
529657,8
529673,16
529681,8
529687,6
529691,4
529693,2
529709,16
529723,14
529741,18
529747,6
529751,4
529807,56
529811,4
529813,2
529819,6
529829,10
529847,18
529871,24
529927,56
529933,6
529939,6
529957,18
529961,4
529973,12
529979,6
529981,2
529987,6
529999,12
530017,18
530021,4
530027,6
530041,14
530051,10
530063,12
530087,24
530093,6
530129,36
530137,8
530143,6
530177,34
530183,6
530197,14
530203,6
530209,6
530227,18
530237,10
530249,12
530251,2
530261,10
530267,6
530279,12
530293,14
530297,4
530303,6
530329,26
530333,4
530339,6
530353,14
530359,6
530389,30
530393,4
530401,8
530429,28
530443,14
530447,4
530501,54
530507,6
530513,6
530527,14
530531,4
530533,2
530539,6
530549,10
530567,18
530597,30
530599,2
530603,4
530609,6
530641,32
530653,12
530659,6
530669,10
530693,24
530701,8
530711,10
530713,2
530731,18
530741,10
530743,2
530753,10
530767,14
530773,6
530797,24
530807,10
530833,26
530837,4
530843,6
530851,8
530857,6
530861,4
530869,8
530897,28
530911,14
530947,36
530969,22
530977,8
530983,6
530989,6
531017,28
531023,6
531043,20
531071,28
531079,8
531101,22
531103,2
531121,18
531133,12
531143,10
531163,20
531169,6
531173,4
531197,24
531203,6
531229,26
531239,10
531253,14
531263,10
531281,18
531287,6
531299,12
531331,32
531337,6
531343,6
531347,4
531353,6
531359,6
531383,24
531457,74
531481,24
531497,16
531521,24
531547,26
531551,4
531569,18
531571,2
531581,10
531589,8
531611,22
531613,2
531623,10
531631,8
531637,6
531667,30
531673,6
531689,16
531701,12
531731,30
531793,62
531799,6
531821,22
531823,2
531827,4
531833,6
531841,8
531847,6
531857,10
531863,6
531871,8
531877,6
531901,24
531911,10
531919,8
531977,58
531983,6
531989,6
531997,8
532001,4
532009,8
532027,18
532033,6
532061,28
532069,8
532093,24
532099,6
532141,42
532153,12
532159,6
532163,4
532183,20
532187,4
532193,6
532199,6
532241,42
532249,8
532261,12
532267,6
532277,10
532283,6
532307,24
532313,6
532327,14
532331,4
532333,2
532349,16
532373,24
532379,6
532391,12
532403,12
532417,14
532421,4
532439,18
532447,8
532451,4
532453,2
532489,36
532501,12
532523,22
532529,6
532531,2
532537,6
532547,10
532561,14
532601,40
532603,2
532607,4
532619,12
532621,2
532633,12
532639,6
532663,24
532669,6
532687,18
532691,4
532709,18
532733,24
532739,6
532751,12
532757,6
532771,14
532781,10
532783,2
532789,6
532801,12
532811,10
532823,12
532849,26
532853,4
532867,14
532907,40
532919,12
532949,30
532951,2
532981,30
532993,12
532999,6
533003,4
533009,6
533011,2
533033,22
533051,18
533053,2
533063,10
533077,14
533089,12
533111,22
533129,18
533149,20
533167,18
533177,10
533189,12
533191,2
533213,22
533219,6
533227,8
533237,10
533249,12
533257,8
533261,4
533263,2
533297,34
533303,6
533317,14
533321,4
533327,6
533353,26
533363,10
533371,8
533389,18
533399,10
533413,14
533447,34
533453,6
533459,6
533509,50
533543,34
533549,6
533573,24
533581,8
533593,12
533633,40
533641,8
533671,30
533693,22
533711,18
533713,2
533719,6
533723,4
533737,14
533747,10
533777,30
533801,24
533809,8
533821,12
533831,10
533837,6
533857,20
533879,22
533887,8
533893,6
533909,16
533921,12
533927,6
533959,32
533963,4
533969,6
533971,2
533989,18
533993,4
533999,6
534007,8
534013,6
534019,6
534029,10
534043,14
534047,4
534049,2
534059,10
534073,14
534077,4
534091,14
534101,10
534113,12
534137,24
534167,30
534173,6
534199,26
534203,4
534211,8
534229,18
534241,12
534253,12
534283,30
534301,18
534307,6
534311,4
534323,12
534329,6
534341,12
534367,26
534371,4
534403,32
534407,4
534431,24
534439,8
534473,34
534491,18
534511,20
534529,18
534553,24
534571,18
534577,6
534581,4
534601,20
534607,6
534617,10
534629,12
534631,2
534637,6
534647,10
534649,2
534659,10
534661,2
534671,10
534697,26
534707,10
534739,32
534799,60
534811,12
534827,16
534839,12
534841,2
534851,10
534857,6
534883,26
534889,6
534913,24
534923,10
534931,8
534943,12
534949,6
534971,22
535013,42
535019,6
535033,14
535037,4
535061,24
535099,38
535103,4
535123,20
535133,10
535151,18
535159,8
535169,10
535181,12
535193,12
535207,14
535219,12
535229,10
535237,8
535243,6
535273,30
535303,30
535319,16
535333,14
535349,16
535351,2
535361,10
535387,26
535391,4
535399,8
535481,82
535487,6
535489,2
535499,10
535511,12
535523,12
535529,6
535547,18
535571,24
535573,2
535589,16
535607,18
535609,2
535627,18
535637,10
535663,26
535669,6
535673,4
535679,6
535697,18
535709,12
535727,18
535741,14
535751,10
535757,6
535771,14
535783,12
535793,10
535811,18
535849,38
535859,10
535861,2
535879,18
535919,40
535937,18
535939,2
535943,4
535957,14
535967,10
535973,6
535991,18
535999,8
536017,18
536023,6
536051,28
536057,6
536059,2
536069,10
536087,18
536099,12
536101,2
536111,10
536141,30
536147,6
536149,2
536189,40
536191,2
536203,12
536213,10
536219,6
536227,8
536233,6
536243,10
536267,24
536273,6
536279,6
536281,2
536287,6
536293,6
536311,18
536323,12
536353,30
536357,4
536377,20
536399,22
536407,8
536423,16
536441,18
536443,2
536447,4
536449,2
536453,4
536461,8
536467,6
536479,12
536491,12
536509,18
536513,4
536531,18
536533,2
536561,28
536563,2
536593,30
536609,16
536621,12
536633,12
536651,18
536671,20
536677,6
536687,10
536699,12
536717,18
536719,2
536729,10
536743,14
536749,6
536771,22
536773,2
536777,4
536779,2
536791,12
536801,10
536803,2
536839,36
536849,10
536857,8
536867,10
536869,2
536891,22
536909,18
536917,8
536923,6
536929,6
536933,4
536947,14
536953,6
536971,18
536989,18
536999,10
537001,2
537007,6
537011,4
537023,12
537029,6
537037,8
537041,4
537067,26
537071,4
537079,8
537091,12
537127,36
537133,6
537143,10
537157,14
537169,12
537181,12
537191,10
537197,6
537221,24
537233,12
537241,8
537269,28
537281,12
537287,6
537307,20
537331,24
537343,12
537347,4
537373,26
537379,6
537401,22
537403,2
537413,10
537497,84
537527,30
537547,20
537569,22
537583,14
537587,4
537599,12
537611,12
537637,26
537661,24
537673,12
537679,6
537703,24
537709,6
537739,30
537743,4
537749,6
537769,20
537773,4
537781,8
537787,6
537793,6
537811,18
537841,30
537847,6
537853,6
537877,24
537883,6
537899,16
537913,14
537919,6
537941,22
537991,50
538001,10
538019,18
538049,30
538051,2
538073,22
538079,6
538093,14
538117,24
538121,4
538123,2
538127,4
538147,20
538151,4
538157,6
538159,2
538163,4
538199,36
538201,2
538247,46
538249,2
538259,10
538267,8
538283,16
538297,14
538301,4
538303,2
538309,6
538331,22
538333,2
538357,24
538367,10
538397,30
538399,2
538411,12
538423,12
538457,34
538471,14
538481,10
538487,6
538511,24
538513,2
538519,6
538523,4
538529,6
538553,24
538561,8
538567,6
538579,12
538589,10
538597,8
538621,24
538649,28
538651,2
538697,46
538709,12
538711,2
538721,10
538723,2
538739,16
538751,12
538763,12
538771,8
538777,6
538789,12
538799,10
538801,2
538817,16
538823,6
538829,6
538841,12
538871,30
538877,6
538921,44
538927,6
538931,4
538939,8
538943,4
538987,44
539003,16
539009,6
539039,30
539047,8
539089,42
539093,4
539101,8
539107,6
539111,4
539113,2
539129,16
539141,12
539153,12
539159,6
539167,8
539171,4
539207,36
539219,12
539233,14
539237,4
539261,24
539267,6
539269,2
539293,24
539303,10
539309,6
539311,2
539321,10
539323,2
539339,16
539347,8
539351,4
539389,38
539401,12
539447,46
539449,2
539479,30
539501,22
539503,2
539507,4
539509,2
539533,24
539573,40
539621,48
539629,8
539633,4
539639,6
539641,2
539653,12
539663,10
539677,14
539687,10
539711,24
539713,2
539723,10
539729,6
539743,14
539761,18
539783,22
539797,14
539837,40
539839,2
539843,4
539849,6
539863,14
539881,18
539897,16
539899,2
539921,22
539947,26
539993,46
540041,48
540061,20
540079,18
540101,22
540119,18
540121,2
540139,18
540149,10
540157,8
540167,10
540173,6
540179,6
540181,2
540187,6
540203,16
540217,14
540233,16
540251,18
540269,18
540271,2
540283,12
540301,18
540307,6
540343,36
540347,4
540349,2
540367,18
540373,6
540377,4
540383,6
540389,6
540391,2
540433,42
540437,4
540461,24
540469,8
540509,40
540511,2
540517,6
540539,22
540541,2
540557,16
540559,2
540577,18
540587,10
540599,12
540611,12
540613,2
540619,6
540629,10
540677,48
540679,2
540689,10
540691,2
540697,6
540703,6
540713,10
540751,38
540769,18
540773,4
540779,6
540781,2
540803,22
540809,6
540823,14
540851,28
540863,12
540871,8
540877,6
540901,24
540907,6
540961,54
540989,28
541001,12
541007,6
541027,20
541049,22
541061,12
541087,26
541097,10
541129,32
541133,4
541141,8
541153,12
541181,28
541193,12
541201,8
541217,16
541231,14
541237,6
541249,12
541267,18
541271,4
541283,12
541301,18
541309,8
541339,30
541349,10
541361,12
541363,2
541369,6
541381,12
541391,10
541417,26
541439,22
541447,8
541469,22
541483,14
541507,24
541511,4
541523,12
541529,6
541531,2
541537,6
541543,6
541547,4
541549,2
541571,22
541577,6
541579,2
541589,10
541613,24
541631,18
541657,26
541661,4
541669,8
541693,24
541699,6
541711,12
541721,10
541727,6
541759,32
541763,4
541771,8
541777,6
541781,4
541799,18
541817,18
541831,14
541837,6
541859,22
541889,30
541901,12
541927,26
541951,24
541967,16
541987,20
541991,4
541993,2
541999,6
542021,22
542023,2
542027,4
542053,26
542063,10
542071,8
542081,10
542083,2
542093,10
542111,18
542117,6
542119,2
542123,4
542131,8
542141,10
542149,8
542153,4
542167,14
542183,16
542189,6
542197,8
542207,10
542219,12
542237,18
542251,14
542261,10
542263,2
542281,18
542293,12
542299,6
542323,24
542371,48
542401,30
542441,40
542447,6
542461,14
542467,6
542483,16
542489,6
542497,8
542519,22
542533,14
542537,4
542539,2
542551,12
542557,6
542567,10
542579,12
542587,8
542599,12
542603,4
542683,80
542687,4
542693,6
542713,20
542719,6
542723,4
542747,24
542761,14
542771,10
542783,12
542791,8
542797,6
542821,24
542831,10
542837,6
542873,36
542891,18
542911,20
542921,10
542923,2
542933,10
542939,6
542947,8
542951,4
542981,30
542987,6
542999,12
543017,18
543019,2
543029,10
543061,32
543097,36
543113,16
543131,18
543139,8
543143,4
543149,6
543157,8
543161,4
543163,2
543187,24
543203,16
543217,14
543223,6
543227,4
543233,6
543241,8
543253,12
543259,6
543281,22
543287,6
543289,2
543299,10
543307,8
543311,4
543313,2
543341,28
543349,8
543353,4
543359,6
543379,20
543383,4
543407,24
543427,20
543463,36
543497,34
543503,6
543509,6
543539,30
543551,12
543553,2
543593,40
543601,8
543607,6
543611,4
543617,6
543637,20
543659,22
543661,2
543671,10
543679,8
543689,10
543703,14
543707,4
543713,6
543769,56
543773,4
543787,14
543791,4
543793,2
543797,4
543811,14
543827,16
543841,14
543853,12
543857,4
543859,2
543871,12
543877,6
543883,6
543887,4
543889,2
543901,12
543911,10
543929,18
543967,38
543971,4
543997,26
544001,4
544007,6
544009,2
544013,4
544021,8
544031,10
544097,66
544099,2
544109,10
544123,14
544129,6
544133,4
544139,6
544171,32
544177,6
544183,6
544199,16
544223,24
544259,36
544273,14
544277,4
544279,2
544367,88
544373,6
544399,26
544403,4
544429,26
544451,22
544471,20
544477,6
544487,10
544501,14
544513,12
544517,4
544543,26
544549,6
544601,52
544613,12
544627,14
544631,4
544651,20
544667,16
544699,32
544717,18
544721,4
544723,2
544727,4
544757,30
544759,2
544771,12
544781,10
544793,12
544807,14
544813,6
544837,24
544861,24
544877,16
544879,2
544883,4
544889,6
544897,8
544903,6
544919,16
544927,8
544937,10
544961,24
544963,2
544979,16
545023,44
545029,6
545033,4
545057,24
545063,6
545087,24
545089,2
545093,4
545117,24
545131,14
545141,10
545143,2
545161,18
545189,28
545203,14
545213,10
545231,18
545239,8
545257,18
545267,10
545291,24
545329,38
545371,42
545387,16
545429,42
545437,8
545443,6
545449,6
545473,24
545477,4
545483,6
545497,14
545521,24
545527,6
545533,6
545543,10
545549,6
545551,2
545579,28
545599,20
545609,10
545617,8
545621,4
545641,20
545647,6
545651,4
545663,12
545711,48
545723,12
545731,8
545747,16
545749,2
545759,10
545773,14
545789,16
545791,2
545827,36
545843,16
545863,20
545873,10
545893,20
545899,6
545911,12
545917,6
545929,12
545933,4
545939,6
545947,8
545959,12
546001,42
546017,16
546019,2
546031,12
546047,16
546053,6
546067,14
546071,4
546097,26
546101,4
546103,2
546109,6
546137,28
546149,12
546151,2
546173,22
546179,6
546197,18
546211,14
546233,22
546239,6
546241,2
546253,12
546263,10
546283,20
546289,6
546317,28
546323,6
546341,18
546349,8
546353,4
546361,8
546367,6
546373,6
546391,18
546461,70
546467,6
546479,12
546509,30
546523,14
546547,24
546569,22
546583,14
546587,4
546599,12
546613,14
546617,4
546619,2
546631,12
546643,12
546661,18
546671,10
546677,6
546683,6
546691,8
546709,18
546719,10
546731,12
546739,8
546781,42
546841,60
546859,18
546863,4
546869,6
546881,12
546893,12
546919,26
546937,18
546943,6
546947,4
546961,14
546967,6
546977,10
547007,30
547021,14
547037,16
547061,24
547087,26
547093,6
547097,4
547103,6
547121,18
547133,12
547139,6
547171,32
547223,52
547229,6
547237,8
547241,4
547249,8
547271,22
547273,2
547291,18
547301,10
547321,20
547357,36
547361,4
547363,2
547369,6
547373,4
547387,14
547397,10
547399,2
547411,12
547441,30
547453,12
547471,18
547483,12
547487,4
547493,6
547499,6
547501,2
547513,12
547529,16
547537,8
547559,22
547567,8
547577,10
547583,6
547601,18
547609,8
547619,10
547627,8
547639,12
547643,4
547661,18
547663,2
547681,18
547709,28
547727,18
547741,14
547747,6
547753,6
547763,10
547769,6
547787,18
547817,30
547819,2
547823,4
547831,8
547849,18
547853,4
547871,18
547889,18
547901,12
547909,8
547951,42
547957,6
547999,42
548003,4
548039,36
548059,20
548069,10
548083,14
548089,6
548099,10
548117,18
548123,6
548143,20
548153,10
548189,36
548201,12
548213,12
548221,8
548227,6
548239,12
548243,4
548263,20
548291,28
548309,18
548323,14
548347,24
548351,4
548363,12
548371,8
548393,22
548399,6
548407,8
548417,10
548423,6
548441,18
548453,12
548459,6
548461,2
548489,28
548501,12
548503,2
548519,16
548521,2
548533,12
548543,10
548557,14
548567,10
548579,12
548591,12
548623,32
548629,6
548657,28
548671,14
548677,6
548687,10
548693,6
548707,14
548719,12
548749,30
548753,4
548761,8
548771,10
548783,12
548791,8
548827,36
548831,4
548833,2
548837,4
548843,6
548851,8
548861,10
548869,8
548893,24
548897,4
548903,6
548909,6
548927,18
548953,26
548957,4
548963,6
549001,38
549011,10
549013,2
549019,6
549023,4
549037,14
549071,34
549089,18
549091,2
549097,6
549121,24
549139,18
549149,10
549161,12
549163,2
549167,4
549169,2
549193,24
549203,10
549221,18
549229,8
549247,18
549257,10
549259,2
549281,22
549313,32
549319,6
549323,4
549331,8
549379,48
549391,12
549403,12
549421,18
549431,10
549443,12
549449,6
549481,32
549503,22
549509,6
549511,2
549517,6
549533,16
549547,14
549551,4
549553,2
549569,16
549587,18
549589,2
549607,18
549623,16
549641,18
549643,2
549649,6
549667,18
549683,16
549691,8
549701,10
549707,6
549713,6
549719,6
549733,14
549737,4
549739,2
549749,10
549751,2
549767,16
549817,50
549833,16
549839,6
549863,24
549877,14
549883,6
549911,28
549937,26
549943,6
549949,6
549977,28
549979,2
