650011,20
650017,6
650059,42
650071,12
650081,10
650099,18
650107,8
650179,72
650183,4
650189,6
650213,24
650227,14
650261,34
650269,8
650281,12
650291,10
650317,26
650327,10
650329,2
650347,18
650359,12
650387,28
650401,14
650413,12
650449,36
650477,28
650479,2
650483,4
650519,36
650537,18
650543,6
650549,6
650563,14
650567,4
650581,14
650591,10
650599,8
650609,10
650623,14
650627,4
650669,42
650701,32
650759,58
650761,2
650779,18
650813,34
650821,8
650827,6
650833,6
650851,18
650861,10
650863,2
650869,6
650873,4
650911,38
650917,6
650927,10
650933,6
650953,20
650971,18
650987,16
651017,30
651019,2
651029,10
651043,14
651067,24
651071,4
651097,26
651103,6
651109,6
651127,18
651139,12
651143,4
651169,26
651179,10
651181,2
651191,10
651193,2
651221,28
651223,2
651239,16
651247,8
651251,4
651257,6
651271,14
651281,10
651289,8
651293,4
651323,30
651331,8
651347,16
651361,14
651397,36
651401,4
651437,36
651439,2
651461,22
651473,12
651481,8
651487,6
651503,16
651509,6
651517,8
651587,70
651617,30
651641,24
651647,6
651649,2
651667,18
651683,16
651689,6
651697,8
651727,30
651731,4
651733,2
651767,34
651769,2
651793,24
651803,10
651809,6
651811,2
651821,10
651839,18
651841,2
651853,12
651857,4
651863,6
651869,6
651877,8
651881,4
651901,20
651913,12
651943,30
651971,28
651997,26
652019,22
652033,14
652039,6
652063,24
652079,16
652081,2
652087,6
652117,30
652121,4
652153,32
652189,36
652207,18
652217,10
652229,12
652237,8
652241,4
652243,2
652261,18
652279,18
652283,4
652291,8
652319,28
652321,2
652331,10
652339,8
652343,4
652357,14
652361,4
652369,8
652373,4
652381,8
652411,30
652417,6
652429,12
652447,18
652451,4
652453,2
652493,40
652499,6
652507,8
652541,34
652543,2
652549,6
652559,10
652567,8
652573,6
652577,4
652591,14
652601,10
652607,6
652609,2
652621,12
652627,6
652651,24
652657,6
652667,10
652699,32
652723,24
652727,4
652733,6
652739,6
652741,2
652747,6
652753,6
652759,6
652787,28
652811,24
652831,20
652837,6
652849,12
652853,4
652871,18
652903,32
652909,6
652913,4
652921,8
652931,10
652933,2
652937,4
652943,6
652957,14
652969,12
652991,22
652997,6
652999,2
653033,34
653057,24
653083,26
653111,28
653113,2
653117,4
653143,26
653153,10
653197,44
653203,6
653207,4
653209,2
653243,34
653267,24
653273,6
653281,8
653311,30
653321,10
653339,18
653357,18
653363,6
653431,68
653461,30
653473,12
653491,18
653501,10
653503,2
653507,4
653519,12
653537,18
653539,2
653561,22
653563,2
653579,16
653593,14
653617,24
653621,4
653623,2
653641,18
653647,6
653651,4
653659,8
653687,28
653693,6
653707,14
653711,4
653713,2
653743,30
653749,6
653761,12
653777,16
653789,12
653797,8
653801,4
653819,18
653831,12
653879,48
653881,2
653893,12
653899,6
653903,4
653927,24
653929,2
653941,12
653951,10
653963,12
653969,6
653977,8
653993,16
654001,8
654011,10
654019,8
654023,4
654029,6
654047,18
654053,6
654067,14
654089,22
654107,18
654127,20
654149,22
654161,12
654163,2
654167,4
654169,2
654187,18
654191,4
654209,18
654221,12
654223,2
654229,6
654233,4
654257,24
654293,36
654301,8
654307,6
654323,16
654343,20
654349,6
654371,22
654397,26
654413,16
654421,8
654427,6
654439,12
654491,52
654499,8
654509,10
654527,18
654529,2
654539,10
654541,2
654553,12
654571,18
654587,16
654593,6
654601,8
654611,10
654613,2
654623,10
654629,6
654671,42
654679,8
654697,18
654701,4
654727,26
654739,12
654743,4
654749,6
654767,18
654779,12
654781,2
654799,18
654803,4
654817,14
654821,4
654827,6
654839,12
654853,14
654877,24
654889,12
654917,28
654923,6
654931,8
654943,12
654967,24
654991,24
655001,10
655003,2
655013,10
655021,8
655033,12
655037,4
655043,6
655069,26
655087,18
655103,16
655111,8
655121,10
655157,36
655181,24
655211,30
655219,8
655223,4
655229,6
655241,12
655243,2
655261,18
655267,6
655273,6
655283,10
655289,6
655301,12
655331,30
655337,6
655351,14
655357,6
655373,16
655379,6
655387,8
655399,12
655439,40
655453,14
655471,18
655489,18
655507,18
655511,4
655517,6
655531,14
655541,10
655547,6
655559,12
655561,2
655579,18
655583,4
655597,14
655601,4
655637,36
655643,6
655649,6
655651,2
655657,6
655687,30
655693,6
655717,24
655723,6
655727,4
655757,30
655807,50
655847,40
655849,2
655859,10
655883,24
655901,18
655909,8
655913,4
655927,14
655943,16
655961,18
655987,26
656023,36
656039,16
656063,24
656077,14
656113,36
656119,6
656129,10
656141,12
656147,6
656153,6
656171,18
656221,50
656237,16
656263,26
656267,4
656273,6
656291,18
656297,6
656303,6
656311,8
656321,10
656323,2
656329,6
656333,4
656347,14
656371,24
656377,6
656389,12
656407,18
656423,16
656429,6
656459,30
656471,12
656479,8
656483,4
656519,36
656527,8
656561,34
656587,26
656597,10
656599,2
656603,4
656609,6
656651,42
656657,6
656671,14
656681,10
656683,2
656687,4
656701,14
656707,6
656737,30
656741,4
656749,8
656753,4
656771,18
656783,12
656791,8
656809,18
656819,10
656833,14
656839,6
656891,52
656917,26
656923,6
656939,16
656951,12
656959,8
656977,18
656989,12
656993,4
657017,24
657029,12
657047,18
657049,2
657061,12
657071,10
657079,8
657089,10
657091,2
657113,22
657121,8
657127,6
657131,4
657187,56
657193,6
657197,4
657233,36
657257,24
657269,12
657281,12
657289,8
657299,10
657311,12
657313,2
657323,10
657347,24
657361,14
657383,22
657403,20
657413,10
657431,18
657439,8
657451,12
657469,18
657473,4
657491,18
657493,2
657497,4
657499,2
657523,24
657529,6
657539,10
657557,18
657581,24
657583,2
657589,6
657607,18
657617,10
657649,32
657653,4
657659,6
657661,2
657703,42
657707,4
657719,12
657743,24
657779,36
657793,14
657809,16
657827,18
657841,14
657863,22
657893,30
657911,18
657929,18
657931,2
657947,16
657959,12
657973,14
657983,10
658001,18
658043,42
658051,8
658057,6
658069,12
658079,10
658111,32
658117,6
658123,6
658127,4
658139,12
658153,14
658159,6
658169,10
658187,18
658199,12
658211,12
658219,8
658247,28
658253,6
658261,8
658277,16
658279,2
658303,24
658309,6
658319,10
658321,2
658327,6
658349,22
658351,2
658367,16
658379,12
658391,12
658403,12
658417,14
658433,16
658447,14
658453,6
658477,24
658487,10
658507,20
658547,40
658549,2
658573,24
658579,6
658589,10
658591,2
658601,10
658607,6
658613,6
658633,20
658639,6
658643,4
658649,6
658663,14
658681,18
658703,22
658751,48
658753,2
658783,30
658807,24
658817,10
658831,14
658837,6
658841,4
658871,30
658873,2
658883,10
658897,14
658907,10
658913,6
658919,6
658943,24
658961,18
658963,2
658969,6
658979,10
658991,12
658997,6
659011,14
659023,12
659047,24
659059,12
659063,4
659069,6
659077,8
659101,24
659137,36
659159,22
659171,12
659173,2
659177,4
659189,12
659221,32
659231,10
659237,6
659251,14
659279,28
659299,20
659317,18
659327,10
659333,6
659353,20
659371,18
659419,48
659423,4
659437,14
659453,16
659467,14
659473,6
659497,24
659501,4
659513,12
659521,8
659531,10
659539,8
659563,24
659569,6
659591,22
659597,6
659609,12
659611,2
659621,10
659629,8
659639,10
659653,14
659657,4
659669,12
659671,2
659689,18
659693,4
659713,20
659723,10
659741,18
659759,18
659761,2
659783,22
659819,36
659831,12
659843,12
659849,6
659863,14
659873,10
659881,8
659899,18
659917,18
659941,24
659947,6
659951,4
659963,12
659983,20
659999,16
660001,2
660013,12
660029,16
660047,18
660053,6
660061,8
660067,6
660071,4
660073,2
660097,24
660103,6
660119,16
660131,12
660137,6
660157,20
660167,10
660181,14
660197,16
660199,2
660217,18
660227,10
660241,14
660251,10
660271,20
660277,6
660281,4
660299,18
660329,30
660337,8
660347,10
660349,2
660367,18
660377,10
660379,2
660391,12
660403,12
660409,6
660449,40
660493,44
660503,10
660509,6
660521,12
660529,8
660547,18
660557,10
660559,2
660563,4
660589,26
660593,4
660599,6
660601,2
660607,6
660617,10
660619,2
660643,24
660659,16
660661,2
660683,22
660719,36
660727,8
660731,4
660733,2
660757,24
660769,12
660787,18
660791,4
660799,8
660809,10
660811,2
660817,6
660833,16
660851,18
660853,2
660887,34
660893,6
660899,6
660901,2
660917,16
660923,6
660941,18
660949,8
660973,24
660983,10
661009,26
661019,10
661027,8
661049,22
661061,12
661091,30
661093,2
661097,4
661099,2
661103,4
661109,6
661117,8
661121,4
661139,18
661183,44
661187,4
661189,2
661201,12
661217,16
661231,14
661237,6
661253,16
661259,6
661267,8
661321,54
661327,6
661343,16
661361,18
661373,12
661393,20
661417,24
661421,4
661439,18
661459,20
661477,18
661481,4
661483,2
661513,30
661517,4
661541,24
661547,6
661553,6
661603,50
661607,4
661613,6
661621,8
661663,42
661673,10
661679,6
661697,18
661721,24
661741,20
661769,28
661777,8
661823,46
661849,26
661873,24
661877,4
661879,2
661883,4
661889,6
661897,8
661909,12
661931,22
661939,8
661949,10
661951,2
661961,10
661987,26
661993,6
662003,10
662021,18
662029,8
662047,18
662059,12
662063,4
662083,20
662107,24
662111,4
662141,30
662143,2
662149,6
662177,28
662203,26
662227,24
662231,4
662251,20
662261,10
662267,6
662281,14
662287,6
662309,22
662323,14
662327,4
662339,12
662351,12
662353,2
662357,4
662369,12
662401,32
662407,6
662443,36
662449,6
662477,28
662483,6
662491,8
662513,22
662527,14
662531,4
662537,6
662539,2
662551,12
662567,16
662591,24
662617,26
662639,22
662647,8
662657,10
662671,14
662681,10
662689,8
662693,4
662713,20
662719,6
662743,24
662771,28
662773,2
662789,16
662797,8
662819,22
662833,14
662839,6
662843,4
662867,24
662897,30
662899,2
662917,18
662939,22
662941,2
662947,6
662951,4
662953,2
662957,4
662999,42
663001,2
663007,6
663031,24
663037,6
663049,12
663053,4
663071,18
663097,26
663127,30
663149,22
663161,12
663163,2
663167,4
663191,24
663203,12
663209,6
663239,30
663241,2
663263,22
663269,6
663281,12
663283,2
663301,18
663319,18
663331,12
663349,18
663359,10
663371,12
663407,36
663409,2
663437,28
663463,26
663517,54
663529,12
663539,10
663541,2
663547,6
663557,10
663563,6
663569,6
663571,2
663581,10
663583,2
663587,4
663589,2
663599,10
663601,2
663631,30
663653,22
663659,6
663661,2
663683,22
663709,26
663713,4
663737,24
663763,26
663787,24
663797,10
663821,24
663823,2
663827,4
663853,26
663857,4
663869,12
663881,12
663893,12
663907,14
663937,30
663959,22
663961,2
663967,6
663973,6
663977,4
663979,2
663983,4
663991,8
663997,6
664009,12
664019,10
664043,24
664061,18
664067,6
664091,24
664099,8
664109,10
664117,8
664121,4
664123,2
664133,10
664141,8
664151,10
664177,26
664193,16
664199,6
664211,12
664243,32
664253,10
664271,18
664273,2
664289,16
664319,30
664331,12
664357,26
664369,12
664379,10
664381,2
664403,22
664421,18
664427,6
664441,14
664459,18
664471,12
664507,36
664511,4
664529,18
664537,8
664549,12
664561,12
664571,10
664579,8
664583,4
664589,6
664597,8
664603,6
664613,10
664619,6
664621,2
664633,12
664661,28
664663,2
664667,4
664669,2
664679,10
664687,8
664691,4
664693,2
664711,18
664739,28
664757,18
664771,14
664777,6
664789,12
664793,4
664799,6
664843,44
664847,4
664849,2
664879,30
664891,12
664933,42
664949,16
664967,18
664973,6
664997,24
665011,14
665017,6
665029,12
665039,10
665047,8
665051,4
665053,2
665069,16
665089,20
665111,22
665113,2
665117,4
665123,6
665131,8
665141,10
665153,12
665177,24
665179,2
665201,22
665207,6
665213,6
665221,8
665233,12
665239,6
665251,12
665267,16
665279,12
665293,14
665299,6
665303,4
665311,8
665351,40
665359,8
665369,10
665381,12
665387,6
665419,32
665429,10
665447,18
665479,32
665501,22
665503,2
665507,4
665527,20
665549,22
665557,8
665563,6
665569,6
665573,4
665591,18
665603,12
665617,14
665629,12
665633,4
665659,26
665677,18
665713,36
665719,6
665723,4
665747,24
665761,14
665773,12
665783,10
665789,6
665801,12
665803,2
665813,10
665843,30
665857,14
665897,40
665921,24
665923,2
665947,24
665953,6
665981,28
665983,2
665993,10
666013,20
666019,6
666023,4
666031,8
666041,10
666067,26
666073,6
666079,6
666089,10
666091,2
666109,18
666119,10
666139,20
666143,4
666167,24
666173,6
666187,14
666191,4
666203,12
666229,26
666233,4
666269,36
666277,8
666301,24
666329,28
666353,24
666403,50
666427,24
666431,4
666433,2
666437,4
666439,2
666461,22
666467,6
666493,26
666511,18
666527,16
666529,2
666541,12
666557,16
666559,2
666599,40
666607,8
666637,30
666643,6
666647,4
666649,2
666667,18
666671,4
666683,12
666697,14
666707,10
666727,20
666733,6
666737,4
666749,12
666751,2
666769,18
666773,4
666811,38
666821,10
666823,2
666829,6
666857,28
666871,14
666889,18
666901,12
666929,28
666937,8
666959,22
666979,20
666983,4
666989,6
667013,24
667019,6
667021,2
667081,60
667091,10
667103,12
667123,20
667127,4
667129,2
667141,12
667171,30
667181,10
667211,30
667229,18
667241,12
667243,2
667273,30
667283,10
667309,26
667321,12
667333,12
667351,18
667361,10
667363,2
667367,4
667379,12
667417,38
667421,4
667423,2
667427,4
667441,14
667463,22
667477,14
667487,10
667501,14
667507,6
667519,12
667531,12
667547,16
667549,2
667553,4
667559,6
667561,2
667577,16
667631,54
667643,12
667649,6
667657,8
667673,16
667687,14
667691,4
667697,6
667699,2
667727,28
667741,14
667753,12
667769,16
667781,12
667801,20
667817,16
667819,2
667829,10
667837,8
667859,22
667861,2
667867,6
667883,16
667903,20
667921,18
667949,28
667963,14
667987,24
667991,4
667999,8
668009,10
668029,20
668033,4
668047,14
668051,4
668069,18
668089,20
668093,4
668111,18
668141,30
668153,12
668159,6
668179,20
668201,22
668203,2
668209,6
668221,12
668243,22
668273,30
668303,30
668347,44
668407,60
668417,10
668471,54
668509,38
668513,4
668527,14
668531,4
668533,2
668539,6
668543,4
668567,24
668579,12
668581,2
668599,18
668609,10
668611,2
668617,6
668623,6
668671,48
668677,6
668687,10
668699,12
668713,14
668719,6
668737,18
668741,4
668747,6
668761,14
668791,30
668803,12
668813,10
668821,8
668851,30
668867,16
668869,2
668873,4
668879,6
668903,24
668929,26
668939,10
668947,8
668959,12
668963,4
668989,26
668999,10
669023,24
669029,6
669049,20
669077,28
669089,12
669091,2
669107,16
669113,6
669121,8
669127,6
669133,6
669167,34
669173,6
669181,8
669241,60
669247,6
669271,24
669283,12
669287,4
669289,2
669301,12
669311,10
669329,18
669359,30
669371,12
669377,6
669379,2
669391,12
669401,10
669413,12
669419,6
669433,14
669437,4
669451,14
669463,12
669479,16
669481,2
669527,46
669551,24
669577,26
669607,30
669611,4
669637,26
669649,12
669659,10
669661,2
669667,6
669673,6
669677,4
669679,2
669689,10
669701,12
669707,6
669733,26
669763,30
669787,24
669791,4
669839,48
669847,8
669853,6
669857,4
669859,2
669863,4
669869,6
669887,18
669901,14
669913,12
669923,10
669931,8
669937,6
669943,6
669947,4
669971,24
669989,18
670001,12
670031,30
670037,6
670039,2
670049,10
670051,2
670097,46
670099,2
670129,30
670139,10
670147,8
670177,30
670193,16
670199,6
670211,12
670217,6
670223,6
670231,8
670237,6
670249,12
670261,12
670279,18
670297,18
670303,6
670321,18
670333,12
670343,10
670349,6
670363,14
670379,16
670399,20
670409,10
670447,38
670457,10
670471,14
670487,16
670489,2
670493,4
670507,14
670511,4
670517,6
670541,24
670543,2
670559,16
670577,18
670583,6
670597,14
670613,16
670619,6
670627,8
670639,12
670669,30
670673,4
670693,20
670711,18
670727,16
670729,2
670739,10
670763,24
670777,14
670781,4
670811,30
670823,12
670849,26
670853,4
670867,14
670877,10
670897,20
670903,6
670919,16
670931,12
670951,20
670963,12
670987,24
670991,4
671003,12
671017,14
671029,12
671039,10
671059,20
671063,4
671081,18
671087,6
671093,6
671123,30
671131,8
671141,10
671159,18
671161,2
671189,28
671201,12
671219,18
671233,14
671249,16
671257,8
671261,4
671269,8
671287,18
671299,12
671303,4
671323,20
671339,16
671353,14
671357,4
671369,12
671383,14
671401,18
671417,16
671431,14
671443,12
671467,24
671471,4
671477,6
671501,24
671519,18
671533,14
671537,4
671557,20
671581,24
671591,10
671603,12
671609,6
671633,24
671647,14
671651,4
671681,30
671701,20
671717,16
671729,12
671743,14
671753,10
671777,24
671779,2
671791,12
671831,40
671837,6
671851,14
671887,36
671893,6
671903,10
671911,8
671917,6
671921,4
671933,12
671939,6
671941,2
671947,6
671969,22
671971,2
671981,10
671999,18
672019,20
672029,10
672041,12
672043,2
672059,16
672073,14
672079,6
672097,18
672103,6
672107,4
672127,20
672131,4
672137,6
672143,6
672151,8
672167,16
672169,2
672181,12
672193,12
672209,16
672223,14
672227,4
672229,2
672251,22
672271,20
672283,12
672289,6
672293,4
672311,18
672317,6
672323,6
672341,18
672349,8
672377,28
672379,2
672439,60
672443,4
672473,30
672493,20
672499,6
672521,22
672557,36
672577,20
672587,10
672593,6
672629,36
672641,12
672643,2
672653,10
672667,14
672703,36
672743,40
672757,14
672767,10
672779,12
672781,2
672787,6
672799,12
672803,4
672811,8
672817,6
672823,6
672827,4
672863,36
672869,6
672871,2
672883,12
672901,18
672913,12
672937,24
672943,6
672949,6
672953,4
672967,14
672977,10
672983,6
673019,36
673039,20
673063,24
673069,6
673073,4
673091,18
673093,2
673109,16
673111,2
673117,6
673121,4
673129,8
673157,28
673193,36
673199,6
673201,2
673207,6
673223,16
673241,18
673247,6
673271,24
673273,2
673291,18
673297,6
673313,16
673327,14
673339,12
673349,10
673381,32
673391,10
673397,6
673399,2
673403,4
673411,8
673427,16
673429,2
673441,12
673447,6
673451,4
673457,6
673459,2
673469,10
673487,18
673499,12
673513,14
673529,16
673549,20
673553,4
673567,14
673573,6
673579,6
673609,30
673613,4
673619,6
673637,18
673639,2
673643,4
673649,6
673667,18
673669,2
673747,78
673769,22
673781,12
673787,6
673793,6
673801,8
673811,10
673817,6
673837,20
673879,42
673891,12
673921,30
673943,22
673951,8
673961,10
673979,18
673991,12
674017,26
674057,40
674059,2
674071,12
674083,12
674099,16
674117,18
674123,6
674131,8
674159,28
674161,2
674173,12
674183,10
674189,6
674227,38
674231,4
674239,8
674249,10
674263,14
674269,6
674273,4
674299,26
674321,22
674347,26
674357,10
674363,6
674371,8
674393,22
674419,26
674431,12
674449,18
674461,12
674483,22
674501,18
674533,32
674537,4
674551,14
674563,12
674603,40
674647,44
674669,22
674677,8
674683,6
674693,10
674699,6
674701,2
674711,10
674717,6
674719,2
674731,12
674741,10
674749,8
674759,10
674761,2
674767,6
674771,4
674789,18
674813,24
674827,14
674831,4
674833,2
674837,4
674851,14
674857,6
674867,10
674879,12
674903,24
674929,26
674941,12
674953,12
674957,4
674977,20
674987,10
675029,42
675067,38
675071,4
675079,8
675083,4
675097,14
675109,12
675113,4
675131,18
675133,2
675151,18
675161,10
675163,2
675173,10
675179,6
675187,8
675197,10
675221,24
675239,18
675247,8
675251,4
675253,2
675263,10
675271,8
675299,28
675313,14
675319,6
675341,22
675347,6
675391,44
675407,16
675413,6
675419,6
675449,30
675457,8
675463,6
675481,18
675511,30
675539,28
675541,2
675551,10
675553,2
675559,6
675569,10
675581,12
675593,12
675601,8
675607,6
675611,4
675617,6
675629,12
675643,14
675713,70
675739,26
675743,4
675751,8
675781,30
675797,16
675817,20
675823,6
675827,4
675839,12
675841,2
675859,18
675863,4
675877,14
675881,4
675889,8
675923,34
675929,6
675931,2
675959,28
675973,14
675977,4
675979,2
676007,28
676009,2
676031,22
676037,6
676043,6
676051,8
676057,6
676061,4
676069,8
676099,30
676103,4
676111,8
676129,18
676147,18
676171,24
676211,40
676217,6
676219,2
676241,22
676253,12
676259,6
676279,20
676289,10
676297,8
676337,40
676339,2
676349,10
676363,14
676373,10
676387,14
676391,4
676409,18
676411,2
676421,10
676427,6
676463,36
676469,6
676493,24
676523,30
676573,50
676589,16
676597,8
676601,4
676649,48
676661,12
676679,18
676703,24
676717,14
676721,4
676727,6
676733,6
676747,14
676751,4
676763,12
676771,8
676807,36
676829,22
676859,30
676861,2
676883,22
676891,8
676903,12
676909,6
676919,10
676927,8
676931,4
676937,6
676943,6
676961,18
676967,6
676979,12
676981,2
676987,6
676993,6
677011,18
677021,10
677029,8
677041,12
677057,16
677077,20
677081,4
677107,26
677111,4
677113,2
677119,6
677147,28
677167,20
677177,10
677213,36
677227,14
677231,4
677233,2
677239,6
677309,70
677311,2
677321,10
677323,2
677333,10
677357,24
677371,14
677387,16
677423,36
677441,18
677447,6
677459,12
677461,2
677471,10
677473,2
677531,58
677533,2
677539,6
677543,4
677561,18
677563,2
677587,24
677627,40
677639,12
677647,8
677657,10
677681,24
677683,2
677687,4
677717,30
677737,20
677767,30
677779,12
677783,4
677791,8
677813,22
677827,14
677857,30
677891,34
677927,36
677947,20
677953,6
677959,6
677983,24
678023,40
678037,14
678047,10
678061,14
678077,16
678101,24
678103,2
678133,30
678157,24
678169,12
678179,10
678191,12
678199,8
678203,4
678211,8
678217,6
678221,4
678229,8
678253,24
678289,36
678299,10
678329,30
678341,12
678343,2
678367,24
678371,4
678383,12
678401,18
678407,6
678409,2
678413,4
678421,8
678437,16
678451,14
678463,12
678479,16
678481,2
678493,12
678499,6
678533,34
678541,8
678553,12
678563,10
678577,14
678581,4
678593,12
678599,6
678607,8
678611,4
678631,20
678637,6
678641,4
678647,6
678649,2
678653,4
678659,6
678719,60
678721,2
678731,10
678739,8
678749,10
678757,8
678761,4
678763,2
678767,4
678773,6
678779,6
678809,30
678823,14
678829,6
678833,4
678859,26
678871,12
678883,12
678901,18
678907,6
678941,34
678943,2
678949,6
678959,10
678971,12
678989,18
679033,44
679037,4
679039,2
679051,12
679067,16
679087,20
679111,24
679123,12
679127,4
679153,26
679157,4
679169,12
679171,2
679183,12
679207,24
679219,12
679223,4
679229,6
679249,20
679277,28
679279,2
679297,18
679309,12
679319,10
679333,14
679361,28
679363,2
679369,6
679373,4
679381,8
679403,22
679409,6
679417,8
679423,6
679433,10
679451,18
679463,12
679487,24
679501,14
679517,16
679519,2
679531,12
679537,6
679561,24
679597,36
679603,6
679607,4
679633,26
679639,6
679669,30
679681,12
679691,10
679699,8
679709,10
679733,24
679741,8
679747,6
679751,4
679753,2
679781,28
679793,12
679807,14
679823,16
679829,6
679837,8
679843,6
679859,16
679867,8
679879,12
679883,4
679891,8
679897,6
679907,10
679909,2
679919,10
679933,14
679951,18
679957,6
679961,4
679969,8
679981,12
679993,12
679999,6
680003,4
680027,24
680039,12
680059,20
680077,18
680081,4
680083,2
680107,24
680123,16
680129,6
680159,30
680161,2
680177,16
680189,12
680203,14
680209,6
680213,4
680237,24
680249,12
680263,14
680291,28
680293,2
680297,4
680299,2
680321,22
680327,6
680341,14
680347,6
680353,6
680377,24
680387,10
680399,12
680401,2
680411,10
680417,6
680431,14
680441,10
680443,2
680453,10
680489,36
680503,14
680507,4
680509,2
680531,22
680539,8
680567,28
680569,2
680587,18
680597,10
680611,14
680623,12
680633,10
680651,18
680657,6
680681,24
680707,26
680749,42
680759,10
680767,8
680783,16
680803,20
680809,6
680831,22
680857,26
680861,4
680873,12
680879,6
680881,2
680917,36
680929,12
680959,30
680971,12
680987,16
680989,2
680993,4
681001,8
681011,10
681019,8
681041,22
681047,6
681049,2
681061,12
681067,6
681089,22
681091,2
681113,22
681127,14
681137,10
681151,14
681167,16
681179,12
681221,42
681229,8
681251,22
681253,2
681257,4
681259,2
681271,12
681293,22
681311,18
681337,26
681341,4
681361,20
681367,6
681371,4
681403,32
681407,4
681409,2
681419,10
681427,8
681449,22
681451,2
681481,30
681487,6
681493,6
681497,4
681521,24
681523,2
681539,16
681557,18
681563,6
681589,26
681607,18
681613,6
681623,10
681631,8
681647,16
681673,26
681677,4
681689,12
681719,30
681727,8
681731,4
681763,32
681773,10
681781,8
681787,6
681809,22
681823,14
681833,10
681839,6
681841,2
681883,42
681899,16
681913,14
681931,18
681943,12
681949,6
681971,22
681977,6
681979,2
681983,4
681997,14
682001,4
682009,8
682037,28
682049,12
682063,14
682069,6
682079,10
682141,62
682147,6
682151,4
682153,2
682183,30
682207,24
682219,12
682229,10
682237,8
682247,10
682259,12
682277,18
682289,12
682291,2
682303,12
682307,4
682321,14
682327,6
682333,6
682337,4
682361,24
682373,12
682411,38
682417,6
682421,4
682427,6
682439,12
682447,8
682463,16
682471,8
682483,12
682489,6
682511,22
682519,8
682531,12
682547,16
682597,50
682607,10
682637,30
682657,20
682673,16
682679,6
682697,18
682699,2
682723,24
682729,6
682733,4
682739,6
682751,12
682763,12
682777,14
682789,12
682811,22
682819,8
682901,82
682933,32
682943,10
682951,8
682967,16
683003,36
683021,18
683041,20
683047,6
683071,24
683083,12
683087,4
683119,32
683129,10
683143,14
683149,6
683159,10
683201,42
683231,30
683251,20
683257,6
683273,16
683299,26
683303,4
683317,14
683323,6
683341,18
683351,10
683357,6
683377,20
683381,4
683401,20
683407,6
683437,30
683447,10
683453,6
683461,8
683471,10
683477,6
683479,2
683483,4
683489,6
683503,14
683513,10
683567,54
683591,24
683597,6
683603,6
683651,48
683653,2
683681,28
683687,6
683693,6
683699,6
683701,2
683713,12
683719,6
683731,12
683737,6
683747,10
683759,12
683777,18
683783,6
683789,6
683807,18
683819,12
683821,2
683831,10
683833,2
683843,10
683857,14
683861,4
683863,2
683873,10
683887,14
683899,12
683909,10
683911,2
683923,12
683933,10
683939,6
683957,18
683983,26
684007,24
684017,10
684037,20
684053,16
684091,38
684109,18
684113,4
684119,6
684121,2
684127,6
684157,30
684163,6
684191,28
684217,26
684221,4
684239,18
684269,30
684287,18
684289,2
684293,4
684311,18
684329,18
684337,8
684347,10
684349,2
684373,24
684379,6
684407,28
684419,12
684427,8
684433,6
684443,10
684451,8
684469,18
684473,4
684493,20
684527,34
684547,20
684557,10
684559,2
684569,10
684581,12
684587,6
684599,12
684617,18
684637,20
684643,6
684647,4
684683,36
684713,30
684727,14
684731,4
684751,20
684757,6
684767,10
684769,2
684773,4
684791,18
684793,2
684799,6
684809,10
684829,20
684841,12
684857,16
684869,12
684889,20
684923,34
684949,26
684961,12
684973,12
684977,4
684989,12
685001,12
685019,18
685031,12
685039,8
685051,12
685057,6
685063,6
685073,10
685081,8
685093,12
685099,6
685103,4
685109,6
685123,14
685141,18
685169,28
685177,8
685199,22
685231,32
685247,16
685249,2
685271,22
685297,26
685301,4
685319,18
685337,18
685339,2
685361,22
685367,6
685369,2
685381,12
685393,12
685417,24
685427,10
685429,2
685453,24
685459,6
685471,12
685493,22
685511,18
685513,2
685519,6
685537,18
685541,4
685547,6
685591,44
685609,18
685613,4
685621,8
685631,10
685637,6
685649,12
685669,20
685679,10
685697,18
685717,20
685723,6
685733,10
685739,6
685747,8
685753,6
685759,6
685781,22
685793,12
685819,26
685849,30
685859,10
685907,48
685939,32
685963,24
685969,6
685973,4
685987,14
685991,4
686003,12
686009,6
686011,2
686027,16
686029,2
686039,10
686041,2
686051,10
686057,6
686087,30
686089,2
686099,10
686117,18
686131,14
686141,10
686143,2
686149,6
686173,24
686177,4
686197,20
686201,4
686209,8
686267,58
686269,2
686293,24
686317,24
686321,4
686333,12
686339,6
686353,14
686359,6
686363,4
686417,54
686423,6
686437,14
686449,12
686453,4
686473,20
686479,6
686503,24
686513,10
686519,6
686551,32
686563,12
686593,30
686611,18
686639,28
686669,30
686671,2
686687,16
686723,36
686729,6
686731,2
686737,6
686761,24
686773,12
686789,16
686797,8
686801,4
686837,36
686843,6
686863,20
686879,16
686891,12
686893,2
686897,4
686911,14
686947,36
686963,16
686969,6
686971,2
686977,6
686989,12
686993,4
687007,14
687013,6
687017,4
687019,2
687023,4
687031,8
687041,10
687061,20
687073,12
687083,10
687101,18
687107,6
687109,2
687121,12
687131,10
687139,8
687151,12
687161,10
687163,2
687179,16
687223,44
687233,10
687277,44
687289,12
687299,10
687307,8
687311,4
687317,6
687331,14
687341,10
687343,2
687359,16
687383,24
687389,6
687397,8
687403,6
687413,10
687431,18
687433,2
687437,4
687443,6
687457,14
687461,4
687473,12
687481,8
687499,18
687517,18
687521,4
687523,2
687541,18
687551,10
687559,8
687581,22
687593,12
687623,30
687637,14
687641,4
687647,6
687679,32
687683,4
687691,8
687707,16
687721,14
687737,16
687749,12
687767,18
687773,6
687779,6
687787,8
687809,22
687823,14
687829,6
687839,10
687847,8
687893,46
687901,8
687917,16
687923,6
687931,8
687949,18
687961,12
687977,16
688003,26
688013,10
688027,14
688031,4
688063,32
688067,4
688073,6
688087,14
688097,10
688111,14
688133,22
688139,6
688147,8
688159,12
688187,28
688201,14
688217,16
688223,6
688249,26
688253,4
688277,24
688297,20
688309,12
688333,24
688339,6
688357,18
688379,22
688393,14
688397,4
688403,6
688411,8
688423,12
688433,10
688447,14
688451,4
688453,2
688477,24
688511,34
688531,20
688543,12
688561,18
688573,12
688591,18
688621,30
688627,6
688631,4
688637,6
688657,20
688661,4
688669,8
688679,10
688697,18
688717,20
688729,12
688733,4
688741,8
688747,6
688757,10
688763,6
688777,14
688783,6
688799,16
688813,14
688861,48
688867,6
688871,4
688889,18
688907,18
688939,32
688951,12
688957,6
688969,12
688979,10
688999,20
689021,22
689033,12
689041,8
689063,22
689071,8
689077,6
689081,4
689089,8
689093,4
689107,14
689113,6
689131,18
689141,10
689167,26
689201,34
689219,18
689233,14
689237,4
689257,20
689261,4
689267,6
689279,12
689291,12
689309,18
689317,8
689321,4
689341,20
689357,16
689369,12
689383,14
689389,6
689393,4
689411,18
689431,20
689441,10
689459,18
689461,2
689467,6
689509,42
689551,42
689561,10
689581,20
689587,6
689597,10
689599,2
689603,4
689621,18
689629,8
689641,12
689693,52
689699,6
689713,14
689723,10
689761,38
689771,10
689779,8
689789,10
689797,8
689803,6
689807,4
689827,20
689831,4
689851,20
689867,16
689869,2
689873,4
689879,6
689891,12
689893,2
689903,10
689917,14
689921,4
689929,8
689951,22
689957,6
689959,2
689963,4
689981,18
689987,6
690037,50
690059,22
690073,14
690089,16
690103,14
690119,16
690127,8
690139,12
690143,4
690163,20
690187,24
690233,46
690259,26
690269,10
690271,2
690281,10
690293,12
690323,30
690341,18
690367,26
690377,10
690397,20
690407,10
690419,12
690427,8
690433,6
690439,6
690449,10
690467,18
690491,24
690493,2
690509,16
690511,2
690533,22
690541,8
690553,12
690583,30
690589,6
690607,18
690611,4
690629,18
690661,32
690673,12
690689,16
690719,30
690721,2
690757,36
690787,30
690793,6
690817,24
690839,22
690841,2
690869,28
690871,2
690887,16
690889,2
690919,30
690929,10
690953,24
690997,44
691001,4
691037,36
691051,14
691063,12
691079,16
691109,30
691111,2
691121,10
691129,8
691147,18
691151,4
691153,2
691181,28
691183,2
691189,6
691193,4
691199,6
691231,32
691241,10
691267,26
691289,22
691297,8
691309,12
691333,24
691337,4
691343,6
691349,6
691363,14
691381,18
691399,18
691409,10
691433,24
691451,18
691463,12
691489,26
691499,10
691531,32
691553,22
691573,20
691583,10
691589,6
691591,2
691631,40
691637,6
691651,14
691661,10
691681,20
691687,6
691693,6
691697,4
691709,12
691721,12
691723,2
691727,4
691729,2
691739,10
691759,20
691763,4
691787,24
691799,12
691813,14
691829,16
691837,8
691841,4
691843,2
691871,28
691877,6
691891,14
691897,6
691903,6
691907,4
691919,12
691921,2
691931,10
691949,18
691973,24
691979,6
691991,12
691997,6
692009,12
692017,8
692051,34
692059,8
692063,4
692071,8
692089,18
692099,10
692117,18
692141,24
692147,6
692149,2
692161,12
692191,30
692221,30
692239,18
692249,10
692269,20
692273,4
692281,8
692287,6
692297,10
692299,2
692309,10
692327,18
692333,6
692347,14
692353,6
692371,18
692387,16
692389,2
692399,10
692401,2
692407,6
692413,6
692423,10
692431,8
692441,10
692453,12
692459,6
692467,8
692513,46
692521,8
692537,16
692539,2
692543,4
692567,24
692581,14
692591,10
692621,30
692641,20
692647,6
692651,4
692663,12
692689,26
692707,18
692711,4
692717,6
692729,12
692743,14
692753,10
692761,8
692771,10
692779,8
692789,10
692821,32
692851,30
692863,12
692893,30
692917,24
692927,10
692929,2
692933,4
692957,24
692963,6
692969,6
692983,14
693019,36
693037,18
693041,4
693061,20
693079,18
693089,10
693097,8
693103,6
693127,24
693137,10
693149,12
693157,8
693167,10
693169,2
693179,10
693223,44
693257,34
693283,26
693317,34
693323,6
693337,14
693353,16
693359,6
693373,14
693397,24
693401,4
693403,2
693409,6
693421,12
693431,10
693437,6
693487,50
693493,6
693503,10
693523,20
693527,4
693529,2
693533,4
693569,36
693571,2
693601,30
693607,6
693619,12
693629,10
693659,30
693661,2
693677,16
693683,6
693689,6
693691,2
693697,6
693701,4
693727,26
693731,4
693733,2
693739,6
693743,4
693757,14
693779,22
693793,14
693799,6
693809,10
693827,18
693829,2
693851,22
693859,8
693871,12
693877,6
693881,4
693943,62
693961,18
693967,6
693989,22
694019,30
694033,14
694039,6
694061,22
694069,8
694079,10
694081,2
694087,6
694091,4
694123,32
694189,66
694193,4
694201,8
694207,6
694223,16
694259,36
694261,2
694271,10
694273,2
694277,4
694313,36
694319,6
694327,8
694333,6
694339,6
694349,10
694357,8
694361,4
694367,6
694373,6
694381,8
694387,6
694391,4
694409,18
694427,18
694457,30
694471,14
694481,10
694483,2
694487,4
694511,24
694513,2
694523,10
694541,18
694549,8
694559,10
694567,8
694571,4
694591,20
694597,6
694609,12
694619,10
694633,14
694649,16
694651,2
694717,66
694721,4
694747,26
694763,16
694781,18
694783,2
694789,6
694829,40
694831,2
694867,36
694871,4
694873,2
694879,6
694901,22
694919,18
694951,32
694957,6
694979,22
694987,8
694997,10
694999,2
695003,4
695017,14
695021,4
695047,26
695059,12
695069,10
695081,12
695087,6
695089,2
695099,10
695111,12
695117,6
695131,14
695141,10
695171,30
695207,36
695239,32
695243,4
695257,14
695263,6
695269,6
695281,12
695293,12
695297,4
695309,12
695323,14
695327,4
695329,2
695347,18
695369,22
695371,2
695377,6
695389,12
695407,18
695411,4
695441,30
695447,6
695467,20
695477,10
695491,14
695503,12
695509,6
695561,52
695567,6
695573,6
695581,8
695593,12
695599,6
695603,4
695621,18
695627,6
695641,14
695659,18
695663,4
695677,14
695687,10
695689,2
695701,12
695719,18
695743,24
695749,6
695771,22
695777,6
695791,14
695801,10
695809,8
695839,30
695843,4
695867,24
695873,6
695879,6
695881,2
695899,18
695917,18
695927,10
695939,12
695999,60
696019,20
696053,34
696061,8
696067,6
696077,10
696079,2
696083,4
696107,24
696109,2
696119,10
696149,30
696181,32
696239,58
696253,14
696257,4
696263,6
696271,8
696281,10
696313,32
696317,4
696323,6
696343,20
696349,6
696359,10
696361,2
696373,12
696379,6
696403,24
696413,10
696427,14
696433,6
696457,24
696481,24
696491,10
696497,6
696503,6
696517,14
696523,6
696533,10
696547,14
696569,22
696607,38
696611,4
696617,6
696623,6
696629,6
696653,24
696659,6
696679,20
696691,12
696719,28
696721,2
696737,16
696743,6
696757,14
696763,6
696793,30
696809,16
696811,2
696823,12
696827,4
696833,6
696851,18
696853,2
696887,34
696889,2
696893,4
696907,14
696929,22
696937,8
696961,24
696989,28
696991,2
697009,18
697013,4
697019,6
697033,14
697049,16
697063,14
697069,6
697079,10
697087,8
697093,6
697111,18
697121,10
697127,6
697133,6
697141,8
697157,16
697181,24
697201,20
697211,10
697217,6
697259,42
697261,2
697267,6
697271,4
697303,32
697327,24
697351,24
697373,22
697379,6
697381,2
697387,6
697397,10
697399,2
697409,10
697423,14
697441,18
697447,6
697453,6
697457,4
697481,24
697507,26
697511,4
697513,2
697519,6
697523,4
697553,30
697579,26
697583,4
697591,8
697601,10
697603,2
697637,34
697643,6
697673,30
697681,8
697687,6
697691,4
697693,2
697703,10
697727,24
697729,2
697733,4
697757,24
697759,2
697787,28
697819,32
697831,12
697877,46
697891,14
697897,6
697909,12
697913,4
697937,24
697951,14
697967,16
697973,6
697979,6
697993,14
697999,6
698017,18
698021,4
698039,18
698051,12
698053,2
698077,24
698083,6
698111,28
698171,60
698183,12
698239,56
698249,10
698251,2
698261,10
698263,2
698273,10
698287,14
698293,6
698297,4
698311,14
698329,18
698339,10
698359,20
698371,12
698387,16
698393,6
698413,20
698417,4
698419,2
698437,18
698447,10
698471,24
698483,12
698491,8
698507,16
698521,14
698527,6
698531,4
698539,8
698543,4
698557,14
698567,10
698591,24
698641,50
698653,12
698669,16
698701,32
698713,12
698723,10
698729,6
698773,44
698779,6
698821,42
698827,6
698849,22
698891,42
698899,8
698903,4
698923,20
698939,16
698977,38
698983,6
699001,18
699007,6
699037,30
699053,16
699059,6
699073,14
699077,4
699089,12
699113,24
699119,6
699133,14
699151,18
699157,6
699169,12
699187,18
699191,4
699197,6
699211,14
699217,6
699221,4
699241,20
699253,12
699271,18
699287,16
699289,2
699299,10
699319,20
699323,4
699343,20
699367,24
699373,6
699379,6
699383,4
699401,18
699427,26
699437,10
699443,6
699449,6
699463,14
699469,6
699493,24
699511,18
699521,10
699527,6
699529,2
699539,10
699541,2
699557,16
699571,14
699581,10
699617,36
699631,14
699641,10
699649,8
699697,48
699709,12
699719,10
699733,14
699757,24
699761,4
699767,6
699791,24
699793,2
699817,24
699823,6
699863,40
699931,68
699943,12
699947,4
699953,6
699961,8
699967,6
