400009,20
400031,22
400033,2
400051,18
400067,16
400069,2
400087,18
400093,6
400109,16
400123,14
400151,28
400157,6
400187,30
400199,12
400207,8
400217,10
400237,20
400243,6
400247,4
400249,2
400261,12
400277,16
400291,14
400297,6
400307,10
400313,6
400321,8
400331,10
400339,8
400381,42
400391,10
400409,18
400417,8
400429,12
400441,12
400457,16
400471,14
400481,10
400523,42
400559,36
400579,20
400597,18
400601,4
400607,6
400619,12
400643,24
400651,8
400657,6
400679,22
400681,2
400703,22
400711,8
400721,10
400723,2
400739,16
400753,14
400759,6
400823,64
400837,14
400849,12
400853,4
400859,6
400871,12
400903,32
400927,24
400931,4
400943,12
400949,6
400963,14
400997,34
401017,20
401029,12
401039,10
401053,14
401057,4
401069,12
401077,8
401087,10
401101,14
401113,12
401119,6
401161,42
401173,12
401179,6
401201,22
401209,8
401231,22
401237,6
401243,6
401279,36
401287,8
401309,22
401311,2
401321,10
401329,8
401341,12
401347,6
401371,24
401381,10
401393,12
401407,14
401411,4
401417,6
401473,56
401477,4
401507,30
401519,12
401537,18
401539,2
401551,12
401567,16
401587,20
401593,6
401627,34
401629,2
401651,22
401669,18
401671,2
401689,18
401707,18
401711,4
401743,32
401771,28
401773,2
401809,36
401813,4
401827,14
401839,12
401861,22
401867,6
401887,20
401903,16
401909,6
401917,8
401939,22
401953,14
401957,4
401959,2
401981,22
401987,6
401993,6
402023,30
402029,6
402037,8
402043,6
402049,6
402053,4
402071,18
402089,18
402091,2
402107,16
402131,24
402133,2
402137,4
402139,2
402197,58
402221,24
402223,2
402239,16
402253,14
402263,10
402277,14
402299,22
402307,8
402313,6
402329,16
402331,2
402341,10
402343,2
402359,16
402361,2
402371,10
402379,8
402383,4
402403,20
402419,16
402443,24
402487,44
402503,16
402511,8
402517,6
402527,10
402529,2
402541,12
402551,10
402559,8
402581,22
402583,2
402587,4
402593,6
402601,8
402613,12
402631,18
402691,60
402697,6
402739,42
402751,12
402757,6
402761,4
402763,2
402767,4
402769,2
402797,28
402803,6
402817,14
402823,6
402847,24
402851,4
402859,8
402863,4
402869,6
402881,12
402923,42
402943,20
402947,4
402949,2
402991,42
403001,10
403003,2
403037,34
403043,6
403049,6
403057,8
403061,4
403063,2
403079,16
403097,18
403103,6
403133,30
403141,8
403159,18
403163,4
403181,18
403219,38
403241,22
403243,2
403253,10
403261,8
403267,6
403289,22
403301,12
403309,8
403327,18
403331,4
403339,8
403363,24
403369,6
403387,18
403391,4
403433,42
403439,6
403483,44
403499,16
403511,12
403537,26
403547,10
403549,2
403553,4
403567,14
403577,10
403591,14
403603,12
403607,4
403621,14
403649,28
403661,12
403679,18
403681,2
403687,6
403703,16
403717,14
403721,4
403729,8
403757,28
403783,26
403787,4
403817,30
403829,12
403831,2
403849,18
403861,12
403867,6
403877,10
403889,12
403901,12
403933,32
403951,18
403957,6
403969,12
403979,10
403981,2
403993,12
404009,16
404011,2
404017,6
404021,4
404029,8
404051,22
404081,30
404099,18
404113,14
404119,6
404123,4
404161,38
404167,6
404177,10
404189,12
404191,2
404197,6
404213,16
404221,8
404249,28
404251,2
404267,16
404269,2
404273,4
404291,18
404309,18
404321,12
404323,2
404357,34
404381,24
404387,6
404389,2
404399,10
404419,20
404423,4
404429,6
404431,2
404449,18
404461,12
404483,22
404489,6
404497,8
404507,10
404513,6
404527,14
404531,4
404533,2
404539,6
404557,18
404597,40
404671,74
404693,22
404699,6
404713,14
404773,60
404779,6
404783,4
404819,36
404827,8
404837,10
404843,6
404849,6
404851,2
404941,90
404951,10
404959,8
404969,10
404977,8
404981,4
404983,2
405001,18
405011,10
405029,18
405037,8
405047,10
405049,2
405071,22
405073,2
405089,16
405091,2
405143,52
405157,14
405179,22
405199,20
405211,12
405221,10
405227,6
405239,12
405241,2
405247,6
405253,6
405269,16
405277,8
405287,10
405299,12
405323,24
405341,18
405343,2
405347,4
405373,26
405401,28
405407,6
405413,6
405437,24
405439,2
405473,34
405487,14
405491,4
405497,6
405499,2
405521,22
405527,6
405529,2
405541,12
405553,12
405577,24
405599,22
405607,8
405611,4
405641,30
405659,18
405667,8
405677,10
405679,2
405683,4
405689,6
405701,12
405703,2
405709,6
405719,10
405731,12
405749,18
405763,14
405767,4
405781,14
405799,18
405817,18
405827,10
405829,2
405857,28
405863,6
405869,6
405871,2
405893,22
405901,8
405917,16
405947,30
405949,2
405959,10
405967,8
405989,22
405991,2
405997,6
406013,16
406027,14
406037,10
406067,30
406073,6
406093,20
406117,24
406123,6
406169,46
406171,2
406177,6
406183,6
406207,24
406247,40
406253,6
406267,14
406271,4
406309,38
406313,4
406327,14
406331,4
406339,8
406349,10
406361,12
406381,20
406397,16
406403,6
406423,20
406447,24
406481,34
406499,18
406501,2
406507,6
406513,6
406517,4
406531,14
406547,16
406559,12
406561,2
406573,12
406577,4
406579,2
406583,4
406591,8
406631,40
406633,2
406649,16
406661,12
406673,12
406697,24
406699,2
406717,18
406729,12
406739,10
406789,50
406807,18
406811,4
406817,6
406837,20
406859,22
406873,14
406883,10
406907,24
406951,44
406969,18
406981,12
406993,12
407023,30
407047,24
407059,12
407083,24
407119,36
407137,18
407149,12
407153,4
407177,24
407179,2
407191,12
407203,12
407207,4
407219,12
407221,2
407233,12
407249,16
407257,8
407263,6
407273,10
407287,14
407291,4
407299,8
407311,12
407317,6
407321,4
407347,26
407357,10
407359,2
407369,10
407377,8
407383,6
407401,18
407437,36
407471,34
407483,12
407489,6
407501,12
407503,2
407509,6
407521,12
407527,6
407567,40
407573,6
407579,6
407587,8
407599,12
407621,22
407633,12
407639,6
407651,12
407657,6
407669,12
407699,30
407707,8
407713,6
407717,4
407723,6
407741,18
407747,6
407783,36
407789,6
407791,2
407801,10
407807,6
407821,14
407833,12
407843,10
407857,14
407861,4
407879,18
407893,14
407899,6
407917,18
407923,6
407947,24
407959,12
407969,10
407971,2
407977,6
407993,16
408011,18
408019,8
408041,22
408049,8
408071,22
408077,6
408091,14
408127,36
408131,4
408137,6
408169,32
408173,4
408197,24
408203,6
408209,6
408211,2
408217,6
408223,6
408229,6
408241,12
408251,10
408263,12
408271,8
408283,12
408311,28
408337,26
408341,4
408347,6
408361,14
408379,18
408389,10
408403,14
408413,10
408427,14
408431,4
408433,2
408437,4
408461,24
408469,8
408479,10
408491,12
408497,6
408533,36
408539,6
408553,14
408563,10
408607,44
408623,16
408631,8
408637,6
408643,6
408659,16
408677,18
408689,12
408691,2
408701,10
408703,2
408713,10
408719,6
408743,24
408763,20
408769,6
408773,4
408787,14
408803,16
408809,6
408817,8
408841,24
408857,16
408869,12
408911,42
408913,2
408923,10
408943,20
408953,10
408959,6
408971,12
408979,8
408997,18
409007,10
409021,14
409027,6
409033,6
409043,10
409063,20
409069,6
409081,12
409099,18
409121,22
409153,32
409163,10
409177,14
409187,10
409217,30
409237,20
409259,22
409261,2
409267,6
409271,4
409289,18
409291,2
409327,36
409333,6
409337,4
409349,12
409351,2
409369,18
409379,10
409391,12
409397,6
409429,32
409433,4
409441,8
409463,22
409471,8
409477,6
409483,6
409499,16
409517,18
409523,6
409529,6
409543,14
409573,30
409579,6
409589,10
409597,8
409609,12
409639,30
409657,18
409691,34
409693,2
409709,16
409711,2
409723,12
409729,6
409733,4
409753,20
409769,16
409777,8
409781,4
409813,32
409817,4
409823,6
409831,8
409841,10
409861,20
409867,6
409879,12
409889,10
409891,2
409897,6
409901,4
409909,8
409933,24
409943,10
409951,8
409961,10
409967,6
409987,20
409993,6
409999,6
410009,10
410029,20
410063,34
410087,24
410093,6
410117,24
410119,2
410141,22
410143,2
410149,6
410171,22
410173,2
410203,30
410231,28
410233,2
410239,6
410243,4
410257,14
410279,22
410281,2
410299,18
410317,18
410323,6
410339,16
410341,2
410353,12
410359,6
410383,24
410387,4
410393,6
410401,8
410411,10
410413,2
410453,40
410461,8
410477,16
410489,12
410491,2
410497,6
410507,10
410513,6
410519,6
410551,32
410561,10
410587,26
410617,30
410621,4
410623,2
410629,6
410651,22
410659,8
410671,12
410687,16
410701,14
410717,16
410731,14
410741,10
410747,6
410749,2
410759,10
410783,24
410789,6
410801,12
410807,6
410819,12
410833,14
410857,24
410899,42
410903,4
410929,26
410953,24
410983,30
410999,16
411001,2
411007,6
411011,4
411013,2
411031,18
411041,10
411049,8
411067,18
411071,4
411083,12
411101,18
411113,12
411119,6
411127,8
411143,16
411157,14
411167,10
411193,26
411197,4
411211,14
411233,22
411241,8
411251,10
411253,2
411259,6
411287,28
411311,24
411337,26
411347,10
411361,14
411371,10
411379,8
411409,30
411421,12
411443,22
411449,6
411469,20
411473,4
411479,6
411491,12
411503,12
411527,24
411529,2
411557,28
411563,6
411569,6
411577,8
411583,6
411589,6
411611,22
411613,2
411617,4
411637,20
411641,4
411667,26
411679,12
411683,4
411703,20
411707,4
411709,2
411721,12
411727,6
411737,10
411739,2
411743,4
411751,8
411779,28
411799,20
411809,10
411821,12
411823,2
411833,10
411841,8
411883,42
411919,36
411923,4
411937,14
411941,4
411947,6
411967,20
411991,24
412001,10
412007,6
412019,12
412031,12
412033,2
412037,4
412039,2
412051,12
412067,16
412073,6
412081,8
412099,18
412109,10
412123,14
412127,4
412133,6
412147,14
412157,10
412171,14
412187,16
412189,2
412193,4
412201,8
412211,10
412213,2
412219,6
412249,30
412253,4
412273,20
412277,4
412289,12
412303,14
412333,30
412339,6
412343,4
412387,44
412397,10
412411,14
412457,46
412463,6
412481,18
412487,6
412493,6
412537,44
412561,24
412567,6
412571,4
412589,18
412591,2
412603,12
412609,6
412619,10
412627,8
412637,10
412639,2
412651,12
412663,12
412667,4
412717,50
412739,22
412771,32
412793,22
412807,14
412831,24
412849,18
412859,10
412891,32
412901,10
412903,2
412939,36
412943,4
412949,6
412967,18
412987,20
413009,22
413027,18
413033,6
413053,20
413069,16
413071,2
413081,10
413087,6
413089,2
413093,4
413111,18
413113,2
413129,16
413141,12
413143,2
413159,16
413167,8
413183,16
413197,14
413201,4
413207,6
413233,26
413243,10
413251,8
413263,12
413267,4
413293,26
413299,6
413353,54
413411,58
413417,6
413429,12
413443,14
413461,18
413477,16
413521,44
413527,6
413533,6
413537,4
413551,14
413557,6
413579,22
413587,8
413597,10
413629,32
413653,24
413681,28
413683,2
413689,6
413711,22
413713,2
413719,6
413737,18
413753,16
413759,6
413779,20
413783,4
413807,24
413827,20
413849,22
413863,14
413867,4
413869,2
413879,10
413887,8
413911,24
413923,12
413951,28
413981,30
414013,32
414017,4
414019,2
414031,12
414049,18
414053,4
414061,8
414077,16
414083,6
414097,14
414101,4
414107,6
414109,2
414131,22
414157,26
414179,22
414199,20
414203,4
414209,6
414217,8
414221,4
414241,20
414259,18
414269,10
414277,8
414283,6
414311,28
414313,2
414329,16
414331,2
414347,16
414361,14
414367,6
414383,16
414389,6
414397,8
414413,16
414431,18
414433,2
414451,18
414457,6
414461,4
414467,6
414487,20
414503,16
414521,18
414539,18
414553,14
414559,6
414571,12
414577,6
414607,30
414611,4
414629,18
414641,12
414643,2
414653,10
414677,24
414679,2
414683,4
414691,8
414697,6
414703,6
414707,4
414709,2
414721,12
414731,10
414737,6
414763,26
414767,4
414769,2
414773,4
414779,6
414793,14
414803,10
414809,6
414833,24
414857,24
414871,14
414889,18
414893,4
414899,6
414913,14
414923,10
414929,6
414949,20
414959,10
414971,12
414977,6
414991,14
415013,22
415031,18
415039,8
415061,22
415069,8
415073,4
415087,14
415097,10
415109,12
415111,2
415133,22
415141,8
415147,6
415153,6
415159,6
415171,12
415187,16
415189,2
415201,12
415213,12
415231,18
415253,22
415271,18
415273,2
415319,46
415343,24
415379,36
415381,2
415391,10
415409,18
415427,18
415447,20
415469,22
415477,8
415489,12
415507,18
415517,10
415523,6
415543,20
415553,10
415559,6
415567,8
415577,10
415603,26
415607,4
415609,2
415627,18
415631,4
415643,12
415651,8
415661,10
415669,8
415673,4
415687,14
415691,4
415697,6
415717,20
415721,4
415729,8
415759,30
415783,24
415787,4
415799,12
415801,2
415819,18
415823,4
415861,38
415873,12
415879,6
415901,22
415931,30
415937,6
415949,12
415951,2
415957,6
415963,6
415969,6
415979,10
415993,14
415999,6
416011,12
416023,12
416071,48
416077,6
416089,12
416107,18
416147,40
416149,2
416153,4
416159,6
416167,8
416201,34
416219,18
416239,20
416243,4
416249,6
416257,8
416263,6
416281,18
416291,10
416333,42
416359,26
416387,28
416389,2
416393,4
416399,6
416401,2
416407,6
416413,6
416417,4
416419,2
416441,22
416443,2
416459,16
416473,14
416477,4
416491,14
416497,6
416501,4
416503,2
416513,10
416531,18
416543,12
416573,30
416579,6
416593,14
416621,28
416623,2
416629,6
416659,30
416677,18
416693,16
416719,26
416761,42
416797,36
416821,24
416833,12
416839,6
416849,10
416851,2
416873,22
416881,8
416887,6
416947,60
416957,10
416963,6
416989,26
417007,18
417017,10
417019,2
417023,4
417037,14
417089,52
417097,8
417113,16
417119,6
417127,8
417133,6
417161,28
417169,8
417173,4
417181,8
417187,6
417191,4
417203,12
417217,14
417227,10
417239,12
417251,12
417271,20
417283,12
417293,10
417311,18
417317,6
417331,14
417337,6
417371,34
417377,6
417379,2
417383,4
417419,36
417437,18
417451,14
417457,6
417479,22
417491,12
417493,2
417509,16
417511,2
417523,12
417541,18
417553,12
417559,6
417577,18
417581,4
417583,2
417617,34
417623,6
417631,8
417643,12
417649,6
417671,22
417691,20
417719,28
417721,2
417727,6
417731,4
417733,2
417737,4
417751,14
417763,12
417773,10
417793,20
417811,18
417821,10
417839,18
417863,24
417869,6
417881,12
417883,2
417899,16
417931,32
417941,10
417947,6
417953,6
417959,6
417961,2
417983,22
417997,14
418007,10
418009,2
418027,18
418031,4
418043,12
418051,8
418069,18
418073,4
418079,6
418087,8
418109,22
418129,20
418157,28
418169,12
418177,8
418181,4
418189,8
418199,10
418207,8
418219,12
418259,40
418273,14
418279,6
418289,10
418303,14
418321,18
418331,10
418337,6
418339,2
418343,4
418349,6
418351,2
418357,6
418373,16
418381,8
418391,10
418423,32
418427,4
418447,20
418459,12
418471,12
418493,22
418511,18
418553,42
418559,6
418597,38
418601,4
418603,2
418631,28
418633,2
418637,4
418657,20
418667,10
418699,32
418709,10
418721,12
418739,18
418751,12
418763,12
418771,8
418783,12
418787,4
418793,6
418799,6
418811,12
418813,2
418819,6
418837,18
418843,6
418849,6
418861,12
418867,6
418871,4
418883,12
418889,6
418909,20
418921,12
418927,6
418933,6
418939,6
418961,22
418981,20
418987,6
418993,6
418997,4
419047,50
419051,4
419053,2
419057,4
419059,2
419087,28
419141,54
419147,6
419161,14
419171,10
419183,12
419189,6
419191,2
419201,10
419231,30
419249,18
419261,12
419281,20
419291,10
419297,6
419303,6
419317,14
419329,12
419351,22
419383,32
419401,18
419417,16
419423,6
419429,6
419443,14
419449,6
419459,10
419467,8
419473,6
419477,4
419483,6
419491,8
419513,22
419527,14
419537,10
419557,20
419561,4
419563,2
419567,4
419579,12
419591,12
419597,6
419599,2
419603,4
419609,6
419623,14
419651,28
419687,36
419693,6
419701,8
419711,10
419743,32
419753,10
419777,24
419789,12
419791,2
419801,10
419803,2
419821,18
419827,6
419831,4
419873,42
419893,20
419921,28
419927,6
419929,2
419933,4
419953,20
419959,6
419999,40
420001,2
420029,28
420037,8
420041,4
420047,6
420073,26
420097,24
420103,6
420149,46
420163,14
420191,28
420193,2
420221,28
420241,20
420253,12
420263,10
420269,6
420271,2
420293,22
420307,14
420313,6
420317,4
420319,2
420323,4
420331,8
420341,10
420349,8
420353,4
420361,8
420367,6
420383,16
420397,14
420419,22
420421,2
420439,18
420457,18
420467,10
420479,12
420481,2
420499,18
420503,4
420521,18
420551,30
420557,6
420569,12
420571,2
420593,22
420599,6
420613,14
420671,58
420677,6
420683,6
420691,8
420731,40
420737,6
420743,6
420757,14
420769,12
420779,10
420781,2
420799,18
420803,4
420809,6
420811,2
420851,40
420853,2
420857,4
420859,2
420899,40
420919,20
420929,10
420941,12
420967,26
420977,10
420997,20
421009,12
421019,10
421033,14
421037,4
421049,12
421079,30
421081,2
421093,12
421103,10
421121,18
421123,2
421133,10
421147,14
421159,12
421163,4
421177,14
421181,4
421189,8
421207,18
421241,34
421273,32
421279,6
421303,24
421313,10
421331,18
421339,8
421349,10
421361,12
421381,20
421397,16
421409,12
421417,8
421423,6
421433,10
421453,20
421459,6
421469,10
421471,2
421483,12
421493,10
421501,8
421517,16
421559,42
421607,48
421609,2
421621,12
421633,12
421639,6
421643,4
421657,14
421661,4
421691,30
421697,6
421699,2
421703,4
421709,6
421711,2
421717,6
421727,10
421739,12
421741,2
421783,42
421801,18
421807,6
421831,24
421847,16
421891,44
421907,16
421913,6
421943,30
421973,30
421987,14
421997,10
422029,32
422041,12
422057,16
422063,6
422069,6
422077,8
422083,6
422087,4
422089,2
422099,10
422101,2
422111,10
422113,2
422129,16
422137,8
422141,4
422183,42
422203,20
422209,6
422231,22
422239,8
422243,4
422249,6
422267,18
422287,20
422291,4
422309,18
422311,2
422321,10
422339,18
422353,14
422363,10
422369,6
422377,8
422393,16
422407,14
422431,24
422453,22
422459,6
422479,20
422537,58
422549,12
422551,2
422557,6
422563,6
422567,4
422573,6
422581,8
422621,40
422627,6
422657,30
422689,32
422701,12
422707,6
422711,4
422749,38
422753,4
422759,6
422761,2
422789,28
422797,8
422803,6
422827,24
422857,30
422861,4
422867,6
422869,2
422879,10
422881,2
422893,12
422897,4
422899,2
422911,12
422923,12
422927,4
422969,42
422987,18
423001,14
423013,12
423019,6
423043,24
423053,10
423061,8
423067,6
423083,16
423091,8
423097,6
423103,6
423109,6
423121,12
423127,6
423133,6
423173,40
423179,6
423191,12
423209,18
423221,12
423229,8
423233,4
423251,18
423257,6
423259,2
423277,18
423281,4
423287,6
423289,2
423299,10
423307,8
423323,16
423341,18
423347,6
423389,42
423403,14
423413,10
423427,14
423431,4
423439,8
423457,18
423461,4
423463,2
423469,6
423481,12
423497,16
423503,6
423509,6
423541,32
423547,6
423557,10
423559,2
423581,22
423587,6
423601,14
423617,16
423649,32
423667,18
423697,30
423707,10
423713,6
423727,14
423749,22
423751,2
423763,12
423769,6
423779,10
423781,2
423791,10
423803,12
423823,20
423847,24
423853,6
423859,6
423869,10
423883,14
423887,4
423931,44
423949,18
423961,12
423977,16
423989,12
423991,2
424001,10
424003,2
424007,4
424019,12
424027,8
424037,10
424079,42
424091,12
424093,2
424103,10
424117,14
424121,4
424129,8
424139,10
424147,8
424157,10
424163,6
424169,6
424187,18
424199,12
424223,24
424231,8
424243,12
424247,4
424261,14
424267,6
424271,4
424273,2
424313,40
424331,18
424339,8
424343,4
424351,8
424397,46
424423,26
424429,6
424433,4
424451,18
424471,20
424481,10
424493,12
424519,26
424537,18
424547,10
424549,2
424559,10
424573,14
424577,4
424597,20
424601,4
424639,38
424661,22
424667,6
424679,12
424687,8
424693,6
424709,16
424727,18
424729,2
424757,28
424769,12
424771,2
424777,6
424811,34
424817,6
424819,2
424829,10
424841,12
424843,2
424849,6
424861,12
424867,6
424889,22
424891,2
424903,12
424909,6
424913,4
424939,26
424961,22
424967,6
424997,30
425003,6
425027,24
425039,12
425057,18
425059,2
425071,12
425083,12
425101,18
425107,6
425123,16
425147,24
425149,2
425189,40
425197,8
425207,10
425233,26
425237,4
425251,14
425273,22
425279,6
425281,2
425291,10
425297,6
425309,12
425317,8
425329,12
425333,4
425363,30
425377,14
425387,10
425393,6
425417,24
425419,2
425423,4
425441,18
425443,2
425471,28
425473,2
425489,16
425501,12
425519,18
425521,2
425533,12
425549,16
425563,14
425591,28
425603,12
425609,6
425641,32
425653,12
425681,28
425701,20
425713,12
425779,66
425783,4
425791,8
425801,10
425813,12
425819,6
425837,18
425839,2
425851,12
425857,6
425861,4
425869,8
425879,10
425899,20
425903,4
425911,8
425939,28
425959,20
425977,18
425987,10
425989,2
426007,18
426011,4
426061,50
426073,12
426077,4
426089,12
426091,2
426103,12
426131,28
426161,30
426163,2
426193,30
426197,4
426211,14
426229,18
426233,4
426253,20
426287,34
426301,14
426311,10
426319,8
426331,12
426353,22
426383,30
426389,6
426401,12
426407,6
426421,14
426427,6
426469,42
426487,18
426527,40
426541,14
426551,10
426553,2
426563,10
426583,20
426611,28
426631,20
426637,6
426641,4
426661,20
426691,30
426697,6
426707,10
426709,2
426731,22
426737,6
426739,2
426743,4
426757,14
426761,4
426763,2
426773,10
426779,6
426787,8
426799,12
426841,42
426859,18
426863,4
426871,8
426889,18
426893,4
426913,20
426917,4
426919,2
426931,12
426941,10
426971,30
426973,2
426997,24
427001,4
427013,12
427039,26
427043,4
427067,24
427069,2
427073,4
427079,6
427081,2
427103,22
427117,14
427151,34
427169,18
427181,12
427213,32
427237,24
427241,4
427243,2
427247,4
427249,2
427279,30
427283,4
427307,24
427309,2
427327,18
427333,6
427351,18
427369,18
427379,10
427381,2
427403,22
427417,14
427421,4
427423,2
427429,6
427433,4
427439,6
427447,8
427451,4
427457,6
427477,20
427513,36
427517,4
427523,6
427529,6
427541,12
427579,38
427591,12
427597,6
427619,22
427621,2
427681,60
427711,30
427717,6
427723,6
427727,4
427733,6
427751,18
427781,30
427787,6
427789,2
427813,24
427849,36
427859,10
427877,18
427879,2
427883,4
427913,30
427919,6
427939,20
427949,10
427951,2
427957,6
427967,10
427969,2
427991,22
427993,2
427997,4
428003,6
428023,20
428027,4
428033,6
428039,6
428041,2
428047,6
428083,36
428093,10
428137,44
428143,6
428147,4
428149,2
428161,12
428167,6
428173,6
428177,4
428221,44
428227,6
428231,4
428249,18
428251,2
428273,22
428297,24
428299,2
428303,4
428339,36
428353,14
428369,16
428401,32
428411,10
428429,18
428471,42
428473,2
428489,16
428503,14
428509,6
428531,22
428539,8
428551,12
428557,6
428563,6
428567,4
428569,2
428579,10
428629,50
428633,4
428639,6
428657,18
428663,6
428671,8
428677,6
428683,6
428693,10
428731,38
428741,10
428759,18
428777,18
428797,20
428801,4
428807,6
428809,2
428833,24
428843,10
428851,8
428863,12
428873,10
428899,26
428951,52
428957,6
428977,20
429007,30
429017,10
429043,26
429083,40
429101,18
429109,8
429119,10
429127,8
429137,10
429139,2
429161,22
429181,20
429197,16
429211,14
429217,6
429223,6
429227,4
429241,14
429259,18
429271,12
429277,6
429281,4
429283,2
429329,46
429347,18
429349,2
429361,12
429367,6
429389,22
429397,8
429409,12
429413,4
429427,14
429431,4
429449,18
429463,14
429467,4
429469,2
429487,18
429497,10
429503,6
429509,6
429511,2
429521,10
429529,8
429547,18
429551,4
429563,12
429581,18
429587,6
429589,2
429599,10
429631,32
429643,12
429659,16
429661,2
429673,12
429677,4
429679,2
429683,4
429701,18
429719,18
429727,8
429731,4
429733,2
429773,40
429791,18
429797,6
429817,20
429823,6
429827,4
429851,24
429853,2
429881,28
429887,6
429889,2
429899,10
429901,2
429907,6
429911,4
429917,6
429929,12
429931,2
429937,6
429943,6
429953,10
429971,18
429973,2
429991,18
430007,16
430009,2
430013,4
430019,6
430057,38
430061,4
430081,20
430091,10
430093,2
430121,28
430139,18
430147,8
430193,46
430259,66
430267,8
430277,10
430279,2
430289,10
430303,14
430319,16
430333,14
430343,10
430357,14
430393,36
430411,18
430427,16
430433,6
430453,20
430487,34
430499,12
430511,12
430513,2
430517,4
430543,26
430553,10
430571,18
430579,8
430589,10
430601,12
430603,2
430649,46
430663,14
430691,28
430697,6
430699,2
430709,10
430723,14
430739,16
430741,2
430747,6
430751,4
430753,2
430769,16
430783,14
430789,6
430799,10
430811,12
430819,8
430823,4
430841,18
430847,6
430861,14
430873,12
430879,6
430883,4
430891,8
430897,6
430907,10
430909,2
430921,12
430949,28
430957,8
430979,22
430981,2
430987,6
430999,12
431017,18
431021,4
431029,8
431047,18
431051,4
431063,12
431077,14
431083,6
431099,16
431107,8
431141,34
431147,6
431153,6
431173,20
431191,18
431203,12
431213,10
431219,6
431237,18
431251,14
431257,6
431267,10
431269,2
431287,18
431297,10
431311,14
431329,18
431339,10
431363,24
431369,6
431377,8
431381,4
431399,18
431423,24
431429,6
431441,12
431447,6
431449,2
431479,30
431513,34
431521,8
431533,12
431567,34
431581,14
431597,16
431603,6
431611,8
431617,6
431621,4
431657,36
431659,2
431663,4
431671,8
431693,22
431707,14
431729,22
431731,2
431759,28
431777,18
431797,20
431801,4
431803,2
431807,4
431831,24
431833,2
431857,24
431863,6
431867,4
431869,2
431881,12
431887,6
431891,4
431903,12
431911,8
431929,18
431933,4
431947,14
431983,36
431993,10
432001,8
432007,6
432023,16
432031,8
432037,6
432043,6
432053,10
432059,6
432067,8
432073,6
432097,24
432121,24
432137,16
432139,2
432143,4
432149,6
432161,12
432163,2
432167,4
432199,32
432203,4
432227,24
432241,14
432251,10
432277,26
432281,4
432287,6
432301,14
432317,16
432323,6
432337,14
432343,6
432349,6
432359,10
432373,14
432389,16
432391,2
432401,10
432413,12
432433,20
432437,4
432449,12
432457,8
432479,22
432491,12
432499,8
432503,4
432511,8
432527,16
432539,12
432557,18
432559,2
432569,10
432577,8
432587,10
432589,2
432613,24
432631,18
432637,6
432659,22
432661,2
432713,52
432721,8
432727,6
432737,10
432743,6
432749,6
432781,32
432793,12
432797,4
432799,2
432833,34
432847,14
432857,10
432869,12
432893,24
432907,14
432923,16
432931,8
432959,28
432961,2
432979,18
432983,4
432989,6
433003,14
433033,30
433049,16
433051,2
433061,10
433073,12
433079,6
433087,8
433093,6
433099,6
433117,18
433123,6
433141,18
433151,10
433187,36
433193,6
433201,8
433207,6
433229,22
433241,12
433249,8
433253,4
433259,6
433261,2
433267,6
433271,4
433291,20
433309,18
433319,10
433337,18
433351,14
433357,6
433361,4
433369,8
433373,4
433393,20
433399,6
433421,22
433429,8
433439,10
433453,14
433469,16
433471,2
433501,30
433507,6
433513,6
433549,36
433571,22
433577,6
433607,30
433627,20
433633,6
433639,6
433651,12
433661,10
433663,2
433673,10
433679,6
433681,2
433703,22
433723,20
433729,6
433747,18
433759,12
433777,18
433781,4
433787,6
433813,26
433817,4
433847,30
433859,12
433861,2
433877,16
433883,6
433889,6
433931,42
433943,12
433963,20
433967,4
433981,14
434009,28
434011,2
434029,18
434039,10
434081,42
434087,6
434107,20
434111,4
434113,2
434117,4
434141,24
434167,26
434179,12
434191,12
434201,10
434209,8
434221,12
434237,16
434243,6
434249,6
434261,12
434267,6
434293,26
434297,4
434303,6
434311,8
434323,12
434347,24
434353,6
434363,10
434377,14
434383,6
434387,4
434389,2
434407,18
434411,4
434431,20
434437,6
434459,22
434461,2
434471,10
434479,8
434501,22
434509,8
434521,12
434561,40
434563,2
434573,10
434593,20
434597,4
434611,14
434647,36
434659,12
434683,24
434689,6
434699,10
434717,18
434719,2
434743,24
434761,18
434783,22
434803,20
434807,4
434813,6
434821,8
434827,6
434831,4
434839,8
434849,10
434857,8
434867,10
434873,6
434881,8
434909,28
434921,12
434923,2
434927,4
434933,6
434939,6
434947,8
434957,10
434963,6
434977,14
434981,4
434989,8
435037,48
435041,4
435059,18
435103,44
435107,4
435109,2
435131,22
435139,8
435143,4
435151,8
435161,10
435179,18
435181,2
435187,6
435191,4
435221,30
435223,2
435247,24
435257,10
435263,6
435277,14
435283,6
435287,4
435307,20
435317,10
435343,26
435349,6
435359,10
435371,12
435397,26
435401,4
435403,2
435419,16
435427,8
435437,10
435439,2
435451,12
435481,30
435503,22
435529,26
435541,12
435553,12
435559,6
435563,4
435569,6
435571,2
435577,6
435583,6
435593,10
435619,26
435623,4
435637,14
435641,4
435647,6
435649,2
435653,4
435661,8
435679,18
435709,30
435731,22
435733,2
435739,6
435751,12
435763,12
435769,6
435779,10
435817,38
435839,22
435847,8
435857,10
435859,2
435881,22
435889,8
435893,4
435907,14
435913,6
435923,10
435947,24
435949,2
435973,24
435983,10
435997,14
436003,6
436013,10
436027,14
436061,34
436081,20
436087,6
436091,4
436097,6
436127,30
436147,20
436151,4
436157,6
436171,14
436181,10
436217,36
436231,14
436253,22
436273,20
436279,6
436283,4
436291,8
436307,16
436309,2
436313,4
436343,30
436357,14
436399,42
436417,18
436427,10
436439,12
436459,20
436463,4
436477,14
436481,4
436483,2
436507,24
436523,16
436529,6
436531,2
436547,16
436549,2
436571,22
436591,20
436607,16
436621,14
436627,6
436649,22
436651,2
436673,22
436687,14
436693,6
436717,24
436727,10
436729,2
436739,10
436741,2
436757,16
436801,44
436811,10
436819,8
436831,12
436841,10
436853,12
436871,18
436889,18
436913,24
436957,44
436963,6
436967,4
436973,6
436979,6
436993,14
436999,6
437011,12
437033,22
437071,38
437077,6
437083,6
437093,10
437111,18
437113,2
437137,24
437141,4
437149,8
437153,4
437159,6
437191,32
437201,10
437219,18
437237,18
437243,6
437263,20
437273,10
437279,6
437287,8
437293,6
437321,28
437351,30
437357,6
437363,6
437387,24
437389,2
437401,12
437413,12
437467,54
437471,4
437473,2
437497,24
437501,4
437509,8
437519,10
437527,8
437533,6
437539,6
437543,4
437557,14
437587,30
437629,42
437641,12
437651,10
437653,2
437677,24
437681,4
437687,6
437693,6
437719,26
437729,10
437743,14
437753,10
437771,18
437809,38
437819,10
437837,18
437849,12
437861,12
437867,6
437881,14
437909,28
437923,14
437947,24
437953,6
437959,6
437977,18
438001,24
438017,16
438029,12
438047,18
438049,2
438091,42
438131,40
438133,2
438143,10
438169,26
438203,34
438211,8
438223,12
438233,10
438241,8
438253,12
438259,6
438271,12
438281,10
438287,6
438301,14
438313,12
438329,16
438341,12
438377,36
438391,14
438401,10
438409,8
438419,10
438439,20
438443,4
438467,24
438479,12
438499,20
438517,18
438521,4
438523,2
438527,4
438533,6
438551,18
438569,18
438589,20
438601,12
438611,10
438623,12
438631,8
438637,6
438661,24
438667,6
438671,4
438701,30
438707,6
438721,14
438733,12
438761,28
438769,8
438793,24
438827,34
438829,2
438833,4
438847,14
438853,6
438869,16
438877,8
438887,10
438899,12
438913,14
438937,24
438941,4
438953,12
438961,8
438967,6
438979,12
438983,4
438989,6
439007,18
439009,2
439063,54
439081,18
439123,42
439133,10
439141,8
439157,16
439163,6
439171,8
439183,12
439199,16
439217,18
439253,36
439273,20
439279,6
439289,10
439303,14
439339,36
439349,10
439357,8
439367,10
439381,14
439409,28
439421,12
439427,6
439429,2
439441,12
439459,18
439463,4
439471,8
439493,22
439511,18
439519,8
439541,22
439559,18
439567,8
439573,6
439577,4
439583,6
439601,18
439613,12
439631,18
439639,8
439661,22
439667,6
439687,20
439693,6
439697,4
439709,12
439723,14
439729,6
439753,24
439759,6
439763,4
439771,8
439781,10
439787,6
439799,12
439811,12
439823,12
439849,26
439853,4
439861,8
439867,6
439883,16
439891,8
439903,12
439919,16
439949,30
439961,12
439969,8
439973,4
439981,8
439991,10
440009,18
440023,14
440039,16
440047,8
440087,40
440093,6
440101,8
440131,30
440159,28
440171,12
440177,6
440179,2
440183,4
440203,20
440207,4
440221,14
440227,6
440239,12
440261,22
440269,8
440281,12
440303,22
440311,8
440329,18
440333,4
440339,6
440347,8
440371,24
440383,12
440389,6
440393,4
440399,6
440431,32
440441,10
440443,2
440471,28
440497,26
440501,4
440507,6
440509,2
440527,18
440537,10
440543,6
440549,6
440551,2
440567,16
440569,2
440579,10
440581,2
440641,60
440651,10
440653,2
440669,16
440677,8
440681,4
440683,2
440711,28
440717,6
440723,6
440731,8
440753,22
440761,8
440773,12
440807,34
440809,2
440821,12
440831,10
440849,18
440863,14
440893,30
440903,10
440911,8
440939,28
440941,2
440953,12
440959,6
440983,24
440987,4
440989,2
441011,22
441029,18
441041,12
441043,2
441053,10
441073,20
441079,6
441101,22
441107,6
441109,2
441113,4
441121,8
441127,6
441157,30
441169,12
441179,10
441187,8
441191,4
441193,2
441229,36
441247,18
441251,4
441257,6
441263,6
441281,18
441307,26
441319,12
441349,30
441359,10
441361,2
441403,42
441421,18
441443,22
441449,6
441461,12
441479,18
441499,20
441517,18
441523,6
441527,4
441547,20
441557,10
441563,6
441569,6
441587,18
441607,20
441613,6
441619,6
441631,12
441647,16
441667,20
441697,30
441703,6
441713,10
441737,24
441751,14
441787,36
441797,10
441799,2
441811,12
441827,16
441829,2
441839,10
441841,2
441877,36
441887,10
441907,20
441913,6
441923,10
441937,14
441953,16
441971,18
442003,32
442007,4
442009,2
442019,10
442027,8
442031,4
442033,2
442061,28
442069,8
442097,28
442109,12
442121,12
442139,18
442147,8
442151,4
442157,6
442171,14
442177,6
442181,4
442193,12
442201,8
442207,6
442217,10
442229,12
442237,8
442243,6
442271,28
442283,12
442291,8
442319,28
442327,8
442333,6
442363,30
442367,4
442397,30
442399,2
442439,40
442447,8
442457,10
442469,12
442487,18
442489,2
442499,10
442501,2
442517,16
442531,14
442537,6
442571,34
442573,2
442577,4
442579,2
442601,22
442609,8
442619,10
442633,14
442691,58
442699,8
442703,4
442721,18
442733,12
442747,14
442753,6
442763,10
442769,6
442777,8
442781,4
442789,8
442807,18
442817,10
442823,6
442829,6
442831,2
442837,6
442843,6
442861,18
442879,18
442903,24
442919,16
442961,42
442963,2
442973,10
442979,6
442987,8
442991,4
442997,6
443011,14
443017,6
443039,22
443041,2
443057,16
443059,2
443063,4
443077,14
443089,12
443117,28
443123,6
443129,6
443147,18
443153,6
443159,6
443161,2
443167,6
443171,4
443189,18
443203,14
443221,18
443227,6
443231,4
443237,6
443243,6
443249,6
443263,14
443273,10
443281,8
443291,10
443293,2
443341,48
443347,6
443353,6
443363,10
443369,6
443389,20
443407,18
443413,6
443419,6
443423,4
443431,8
443437,6
443453,16
443467,14
443489,22
443501,12
443533,32
443543,10
443551,8
443561,10
443563,2
443567,4
443587,20
443591,4
443603,12
443609,6
443629,20
443659,30
443687,28
443689,2
443701,12
443711,10
443731,20
443749,18
443753,4
443759,6
443761,2
443771,10
443777,6
443791,14
443837,46
443851,14
443867,16
443869,2
443873,4
443879,6
443881,2
443893,12
443899,6
443909,10
443917,8
443939,22
443941,2
443953,12
443983,30
443987,4
443999,12
444001,2
444007,6
444029,22
444043,14
444047,4
444079,32
444089,10
444109,20
444113,4
444121,8
444127,6
444131,4
444151,20
444167,16
444173,6
444179,6
444181,2
444187,6
444209,22
444253,44
444271,18
444281,10
444287,6
444289,2
444293,4
444307,14
444341,34
444343,2
444347,4
444349,2
444401,52
444403,2
444421,18
444443,22
444449,6
444461,12
444463,2
444469,6
444473,4
444487,14
444517,30
444523,6
444527,4
444529,2
444539,10
444547,8
444553,6
444557,4
444569,12
444589,20
444607,18
444623,16
444637,14
444641,4
444649,8
444671,22
444677,6
444701,24
444713,12
444739,26
444767,28
444791,24
444793,2
444803,10
444811,8
444817,6
444833,16
444841,8
444859,18
444863,4
444869,6
444877,8
444883,6
444887,4
444893,6
444901,8
444929,28
444937,8
444953,16
444967,14
444971,4
444979,8
445001,22
445019,18
445021,2
445031,10
445033,2
445069,36
445087,18
445091,4
445097,6
445103,6
445141,38
445157,16
445169,12
445183,14
445187,4
445199,12
445229,30
445261,32
445271,10
445279,8
445283,4
445297,14
445307,10
445321,14
445339,18
445363,24
445427,64
445433,6
445447,14
445453,6
445463,10
445477,14
445499,22
445507,8
445537,30
445541,4
445567,26
445573,6
445583,10
445589,6
445597,8
445619,22
445631,12
445633,2
445649,16
445657,8
445691,34
445699,8
445703,4
445741,38
445747,6
445769,22
445771,2
445789,18
445799,10
445807,8
445829,22
445847,18
445853,6
445871,18
445877,6
445883,6
445891,8
445931,40
445937,6
445943,6
445967,24
445969,2
446003,34
446009,6
446041,32
446053,12
446081,28
446087,6
446111,24
446123,12
446129,6
446141,12
446179,38
446189,10
446191,2
446197,6
446221,24
446227,6
446231,4
446261,30
446263,2
446273,10
446279,6
446293,14
446309,16
446323,14
446333,10
446353,20
446363,10
446387,24
446389,2
446399,10
446401,2
446417,16
446441,24
446447,6
446461,14
446473,12
446477,4
446503,26
446533,30
446549,16
446561,12
446569,8
446597,28
446603,6
446609,6
446647,38
446657,10
446713,56
446717,4
446731,14
446753,22
446759,6
446767,8
446773,6
446819,46
446827,8
446839,12
446863,24
446881,18
446891,10
446893,2
446909,16
446911,2
446921,10
446933,12
446951,18
446969,18
446983,14
447001,18
447011,10
447019,8
447053,34
447067,14
447079,12
447101,22
447107,6
447119,12
447133,14
447137,4
447173,36
447179,6
447193,14
447197,4
447211,14
447217,6
447221,4
447233,12
447247,14
447257,10
447259,2
447263,4
447311,48
447319,8
447323,4
447331,8
447353,22
447401,48
447409,8
447427,18
447439,12
447443,4
447449,6
447451,2
447463,12
447467,4
447481,14
447509,28
447521,12
447527,6
447541,14
447569,28
447571,2
447611,40
447617,6
447637,20
447641,4
447677,36
447683,6
447701,18
447703,2
447743,40
447749,6
447757,8
447779,22
447791,12
447793,2
447817,24
447823,6
447827,4
447829,2
447841,12
447859,18
447877,18
447883,6
447893,10
447901,8
447907,6
447943,36
447961,18
447983,22
447991,8
448003,12
448013,10
448027,14
448031,4
448057,26
448067,10
448073,6
448093,20
448111,18
448121,10
448139,18
448141,2
448157,16
448159,2
448169,10
448177,8
448187,10
448193,6
448199,6
448207,8
448241,34
448249,8
448303,54
448309,6
448313,4
448321,8
448351,30
448363,12
448367,4
448373,6
448379,6
448387,8
448397,10
448421,24
448451,30
448519,68
448531,12
448561,30
448597,36
448607,10
448627,20
448631,4
448633,2
448667,34
448687,20
448697,10
448703,6
448727,24
448733,6
448741,8
448769,28
448793,24
448801,8
448807,6
448829,22
448843,14
448853,10
448859,6
448867,8
448871,4
448873,2
448879,6
448883,4
448907,24
448927,20
448939,12
448969,30
448993,24
448997,4
448999,2
449003,4
449011,8
449051,40
449077,26
449083,6
449093,10
449107,14
449117,10
449129,12
449131,2
449149,18
449153,4
449161,8
449171,10
449173,2
449201,28
449203,2
449209,6
449227,18
449243,16
449249,6
449261,12
449263,2
449269,6
449287,18
449299,12
449303,4
449311,8
449321,10
449333,12
449347,14
449353,6
449363,10
449381,18
449399,18
449411,12
449417,6
449419,2
449437,18
449441,4
449459,18
449473,14
449543,70
449549,6
449557,8
449563,6
449567,4
449569,2
449591,22
449609,18
449621,12
449629,8
449653,24
449663,10
449671,8
449677,6
449681,4
449689,8
449693,4
449699,6
449741,42
449759,18
449767,8
449773,6
449783,10
449797,14
449807,10
449821,14
449833,12
449851,18
449879,28
449921,42
449929,8
449941,12
449951,10
449959,8
449963,4
449971,8
449987,16
449989,2
