600011,12
600043,32
600053,10
600071,18
600073,2
600091,18
600101,10
600109,8
600167,58
600169,2
600203,34
600217,14
600221,4
600233,12
600239,6
600241,2
600247,6
600269,22
600283,14
600289,6
600293,4
600307,14
600311,4
600317,6
600319,2
600337,18
600359,22
600361,2
600367,6
600371,4
600401,30
600403,2
600407,4
600421,14
600433,12
600449,16
600451,2
600463,12
600469,6
600487,18
600517,30
600529,12
600557,28
600569,12
600577,8
600601,24
600623,22
600631,8
600641,10
600659,18
600673,14
600689,16
600697,8
600701,4
600703,2
600727,24
600751,24
600791,40
600823,32
600827,4
600833,6
600841,8
600857,16
600877,20
600881,4
600883,2
600889,6
600893,4
600931,38
600947,16
600949,2
600959,10
600961,2
600973,12
600979,6
600983,4
601021,38
601031,10
601037,6
601039,2
601043,4
601061,18
601067,6
601079,12
601093,14
601127,34
601147,20
601187,40
601189,2
601193,4
601201,8
601207,6
601219,12
601231,12
601241,10
601247,6
601259,12
601267,8
601283,16
601291,8
601297,6
601309,12
601313,4
601319,6
601333,14
601339,6
601357,18
601379,22
601397,18
601411,14
601423,12
601439,16
601451,12
601457,6
601487,30
601507,20
601541,34
601543,2
601589,46
601591,2
601607,16
601631,24
601651,20
601669,18
601687,18
601697,10
601717,20
601747,30
601751,4
601759,8
601763,4
601771,8
601801,30
601807,6
601813,6
601819,6
601823,4
601831,8
601849,18
601873,24
601883,10
601889,6
601897,8
601903,6
601943,40
601949,6
601961,12
601969,8
601981,12
602029,48
602033,4
602039,6
602047,8
602057,10
602081,24
602083,2
602087,4
602093,6
602099,6
602111,12
602137,26
602141,4
602143,2
602153,10
602179,26
602197,18
602201,4
602221,20
602227,6
602233,6
602257,24
602267,10
602269,2
602279,10
602297,18
602309,12
602311,2
602317,6
602321,4
602333,12
602341,8
602351,10
602377,26
602383,6
602401,18
602411,10
602431,20
602453,22
602461,8
602477,16
602479,2
602489,10
602501,12
602513,12
602521,8
602543,22
602551,8
602593,42
602597,4
602603,6
602621,18
602627,6
602639,12
602647,8
602677,30
602687,10
602689,2
602711,22
602713,2
602717,4
602729,12
602743,14
602753,10
602759,6
602773,14
602779,6
602801,22
602821,20
602831,10
602839,8
602867,28
602873,6
602887,14
602891,4
602909,18
602929,20
602947,18
602951,4
602971,20
602977,6
602983,6
602999,16
603011,12
603013,2
603023,10
603047,24
603077,30
603091,14
603101,10
603103,2
603131,28
603133,2
603149,16
603173,24
603191,18
603203,12
603209,6
603217,8
603227,10
603257,30
603283,26
603311,28
603319,8
603349,30
603389,40
603391,2
603401,10
603431,30
603443,12
603457,14
603467,10
603487,20
603503,16
603521,18
603523,2
603529,6
603541,12
603553,12
603557,4
603563,6
603569,6
603607,38
603613,6
603623,10
603641,18
603667,26
603679,12
603689,10
603719,30
603731,12
603739,8
603749,10
603761,12
603769,8
603781,12
603791,10
603793,2
603817,24
603821,4
603833,12
603847,14
603851,4
603853,2
603859,6
603881,22
603893,12
603899,6
603901,2
603907,6
603913,6
603917,4
603919,2
603923,4
603931,8
603937,6
603947,10
603949,2
603989,40
604001,12
604007,6
604013,6
604031,18
604057,26
604063,6
604069,6
604073,4
604171,98
604189,18
604223,34
604237,14
604243,6
604249,6
604259,10
604277,18
604291,14
604309,18
604313,4
604319,6
604339,20
604343,4
604349,6
604361,12
604369,8
604379,10
604397,18
604411,14
604427,16
604433,6
604441,8
604477,36
604481,4
604517,36
604529,12
604547,18
604559,12
604579,20
604589,10
604603,14
604609,6
604613,4
604619,6
604649,30
604651,2
604661,10
604697,36
604699,2
604711,12
604727,16
604729,2
604733,4
604753,20
604759,6
604781,22
604787,6
604801,14
604811,10
604819,8
604823,4
604829,6
604837,8
604859,22
604861,2
604867,6
604883,16
604907,24
604931,24
604939,8
604949,10
604957,8
604973,16
604997,24
605009,12
605021,12
605023,2
605039,16
605051,12
605069,18
605071,2
605113,42
605117,4
605123,6
605147,24
605167,20
605173,6
605177,4
605191,14
605221,30
605233,12
605237,4
605239,2
605249,10
605257,8
605261,4
605309,48
605323,14
605329,6
605333,4
605347,14
605369,22
605393,24
605401,8
605411,10
605413,2
605443,30
605471,28
605477,6
605497,20
605503,6
605509,6
605531,22
605533,2
605543,10
605551,8
605573,22
605593,20
605597,4
605599,2
605603,4
605609,6
605617,8
605629,12
605639,10
605641,2
605687,46
605707,20
605719,12
605779,60
605789,10
605809,20
605837,28
605849,12
605861,12
605867,6
605873,6
605879,6
605887,8
605893,6
605909,16
605921,12
605933,12
605947,14
605953,6
605977,24
605987,10
605993,6
606017,24
606029,12
606031,2
606037,6
606041,4
606049,8
606059,10
606077,18
606079,2
606083,4
606091,8
606113,22
606121,8
606131,10
606173,42
606181,8
606223,42
606241,18
606247,6
606251,4
606299,48
606301,2
606311,10
606313,2
606323,10
606341,18
606379,38
606383,4
606413,30
606433,20
606443,10
606449,6
606493,44
606497,4
606503,6
606521,18
606527,6
606539,12
606559,20
606569,10
606581,12
606587,6
606589,2
606607,18
606643,36
606649,6
606653,4
606659,6
606673,14
606721,48
606731,10
606733,2
606737,4
606743,6
606757,14
606791,34
606811,20
606829,18
606833,4
606839,6
606847,8
606857,10
606863,6
606899,36
606913,14
606919,6
606943,24
606959,16
606961,2
606967,6
606971,4
606997,26
607001,4
607003,2
607007,4
607037,30
607043,6
607049,6
607063,14
607067,4
607081,14
607091,10
607093,2
607097,4
607109,12
607127,18
607129,2
607147,18
607151,4
607153,2
607157,4
607163,6
607181,18
607199,18
607213,14
607219,6
607249,30
607253,4
607261,8
607301,40
607303,2
607307,4
607309,2
607319,10
607331,12
607337,6
607339,2
607349,10
607357,8
607363,6
607417,54
607421,4
607423,2
607471,48
607493,22
607517,24
607531,14
607549,18
607573,24
607583,10
607619,36
607627,8
607667,40
607669,2
607681,12
607697,16
607703,6
607721,18
607723,2
607727,4
607741,14
607769,28
607813,44
607819,6
607823,4
607837,14
607843,6
607861,18
607883,22
607889,6
607909,20
607921,12
607931,10
607933,2
607939,6
607951,12
607961,10
607967,6
607991,24
607993,2
608011,18
608029,18
608033,4
608087,54
608089,2
608099,10
608117,18
608123,6
608129,6
608131,2
608147,16
608161,14
608177,16
608191,14
608207,16
608213,6
608269,56
608273,4
608297,24
608299,2
608303,4
608339,36
608347,8
608357,10
608359,2
608369,10
608371,2
608383,12
608389,6
608393,4
608401,8
608411,10
608423,12
608429,6
608431,2
608459,28
608471,12
608483,12
608497,14
608519,22
608521,2
608527,6
608581,54
608591,10
608593,2
608609,16
608611,2
608633,22
608653,20
608659,6
608669,10
608677,8
608693,16
608701,8
608737,36
608743,6
608749,6
608759,10
608767,8
608789,22
608819,30
608831,12
608843,12
608851,8
608857,6
608863,6
608873,10
608887,14
608897,10
608899,2
608903,4
608941,38
608947,6
608953,6
608977,24
608987,10
608989,2
608999,10
609043,44
609047,4
609067,20
609071,4
609079,8
609101,22
609107,6
609113,6
609143,30
609149,6
609163,14
609173,10
609179,6
609199,20
609209,10
609221,12
609227,6
609233,6
609241,8
609253,12
609269,16
609277,8
609283,6
609289,6
609307,18
609313,6
609337,24
609359,22
609361,2
609373,12
609379,6
609391,12
609397,6
609403,6
609407,4
609421,14
609437,16
609443,6
609461,18
609487,26
609503,16
609509,6
609517,8
609527,10
609533,6
609541,8
609571,30
609589,18
609593,4
609599,6
609601,2
609607,6
609613,6
609617,4
609619,2
609641,22
609673,32
609683,10
609701,18
609709,8
609743,34
609751,8
609757,6
609779,22
609781,2
609803,22
609809,6
609821,12
609859,38
609877,18
609887,10
609907,20
609911,4
609913,2
609923,10
609929,6
609979,50
609989,10
609991,2
609997,6
610031,34
610063,32
610081,18
610123,42
610157,34
610163,6
610187,24
610193,6
610199,6
610217,18
610219,2
610229,10
610243,14
610271,28
610279,8
610289,10
610301,12
610327,26
610331,4
610339,8
610391,52
610409,18
610417,8
610429,12
610439,10
610447,8
610457,10
610469,12
610501,32
610523,22
610541,18
610543,2
610553,10
610559,6
610567,8
610579,12
610583,4
610619,36
610633,14
610639,6
610651,12
610661,10
610667,6
610681,14
610699,18
610703,4
610721,18
610733,12
610739,6
610741,2
610763,22
610781,18
610783,2
610787,4
610801,14
610817,16
610823,6
610829,6
610837,8
610843,6
610847,4
610849,2
610867,18
610877,10
610879,2
610891,12
610913,22
610919,6
610921,2
610933,12
610957,24
610969,12
610993,24
611011,18
611027,16
611033,6
611057,24
611069,12
611071,2
611081,10
611101,20
611111,10
611113,2
611131,18
611137,6
611147,10
611189,42
611207,18
611213,6
611257,44
611263,6
611279,16
611293,14
611297,4
611323,26
611333,10
611389,56
611393,4
611411,18
611419,8
611441,22
611449,8
611453,4
611459,6
611467,8
611483,16
611497,14
611531,34
611543,12
611549,6
611551,2
611557,6
611561,4
611587,26
611603,16
611621,18
611641,20
611657,16
611671,14
611693,22
611707,14
611729,22
611753,24
611791,38
611801,10
611803,2
611827,24
611833,6
611837,4
611839,2
611873,34
611879,6
611887,8
611903,16
611921,18
611927,6
611939,12
611951,12
611953,2
611957,4
611969,12
611977,8
611993,16
611999,6
612011,12
612023,12
612037,14
612041,4
612043,2
612049,6
612061,12
612067,6
612071,4
612083,12
612107,24
612109,2
612113,4
612133,20
612137,4
612149,12
612169,20
612173,4
612181,8
612193,12
612217,24
612223,6
612229,6
612259,30
612263,4
612301,38
612307,6
612317,10
612319,2
612331,12
612341,10
612349,8
612371,22
612373,2
612377,4
612383,6
612401,18
612407,6
612439,32
612481,42
612497,16
612511,14
612553,42
612583,30
612589,6
612611,22
612613,2
612637,24
612643,6
612649,6
612671,22
612679,8
612713,34
612719,6
612727,8
612737,10
612751,14
612763,12
612791,28
612797,6
612809,12
612811,2
612817,6
612823,6
612841,18
612847,6
612853,6
612869,16
612877,8
612889,12
612923,34
612929,6
612947,18
612967,20
612971,4
612977,6
613007,30
613009,2
613013,4
613049,36
613061,12
613097,36
613099,2
613141,42
613153,12
613163,10
613169,6
613177,8
613181,4
613189,8
613199,10
613213,14
613219,6
613229,10
613231,2
613243,12
613247,4
613253,6
613267,14
613279,12
613289,10
613297,8
613337,40
613357,20
613363,6
613367,4
613381,14
613421,40
613427,6
613439,12
613441,2
613447,6
613451,4
613463,12
613469,6
613471,2
613493,22
613499,6
613507,8
613523,16
613549,26
613559,10
613573,14
613577,4
613597,20
613607,10
613609,2
613633,24
613637,4
613651,14
613661,10
613667,6
613673,6
613699,26
613733,34
613741,8
613747,6
613759,12
613763,4
613807,44
613813,6
613817,4
613829,12
613841,12
613849,8
613861,12
613883,22
613889,6
613903,14
613957,54
613967,10
613969,2
613981,12
613993,12
613999,6
614041,42
614051,10
614063,12
614071,8
614093,22
614101,8
614113,12
614129,16
614143,14
614147,4
614153,6
614167,14
614177,10
614179,2
614183,4
614219,36
614267,48
614279,12
614291,12
614293,2
614297,4
614321,24
614333,12
614377,44
614387,10
614413,26
614417,4
614437,20
614477,40
614483,6
614503,20
614527,24
614531,4
614543,12
614561,18
614563,2
614569,6
614609,40
614611,2
614617,6
614623,6
614633,10
614639,6
614657,18
614659,2
614671,12
614683,12
614687,4
614693,6
614701,8
614717,16
614729,12
614741,12
614743,2
614749,6
614753,4
614759,6
614773,14
614827,54
614843,16
614849,6
614851,2
614863,12
614881,18
614893,12
614909,16
614917,8
614927,10
614963,36
614981,18
614983,2
615019,36
615031,12
615047,16
615053,6
615067,14
615101,34
615103,2
615107,4
615137,30
615151,14
615161,10
615187,26
615229,42
615233,4
615253,20
615259,6
615269,10
615289,20
615299,10
615313,14
615337,24
615341,4
615343,2
615367,24
615379,12
615389,10
615401,12
615403,2
615413,10
615427,14
615431,4
615437,6
615449,12
615473,24
615479,6
615491,12
615493,2
615497,4
615509,12
615521,12
615539,18
615557,18
615577,20
615599,22
615607,8
615617,10
615623,6
615661,38
615677,16
615679,2
615709,30
615721,12
615731,10
615739,8
615743,4
615749,6
615751,2
615761,10
615767,6
615773,6
615793,20
615799,6
615821,22
615827,6
615829,2
615833,4
615869,36
615883,14
615887,4
615907,20
615919,12
615941,22
615949,8
615971,22
615997,26
616003,6
616027,24
616051,24
616069,18
616073,4
616079,6
616103,24
616111,8
616117,6
616129,12
616139,10
616141,2
616153,12
616157,4
616169,12
616171,2
616181,10
616207,26
616211,4
616219,8
616223,4
616229,6
616243,14
616261,18
616277,16
616289,12
616307,18
616313,6
616321,8
616327,6
616361,34
616367,6
616387,20
616391,4
616393,2
616409,16
616411,2
616433,22
616439,6
616459,20
616463,4
616481,18
616489,8
616501,12
616507,6
616513,6
616519,6
616523,4
616529,6
616537,8
616547,10
616579,32
616589,10
616597,8
616639,42
616643,4
616669,26
616673,4
616703,30
616717,14
616723,6
616729,6
616741,12
616757,16
616769,12
616783,14
616787,4
616789,2
616793,4
616799,6
616829,30
616841,12
616843,2
616849,6
616871,22
616877,6
616897,20
616909,12
616933,24
616943,10
616951,8
616961,10
616991,30
616997,6
616999,2
617011,12
617027,16
617039,12
617051,12
617053,2
617059,6
617077,18
617087,10
617107,20
617119,12
617129,10
617131,2
617147,16
617153,6
617161,8
617189,28
617191,2
617231,40
617233,2
617237,4
617249,12
617257,8
617269,12
617273,4
617293,20
617311,18
617327,16
617333,6
617339,6
617341,2
617359,18
617363,4
617369,6
617387,18
617401,14
617411,10
617429,18
617447,18
617453,6
617467,14
617471,4
617473,2
617479,6
617509,30
617521,12
617531,10
617537,6
617579,42
617587,8
617647,60
617651,4
617657,6
617677,20
617681,4
617689,8
617693,4
617699,6
617707,8
617717,10
617719,2
617723,4
617731,8
617759,28
617761,2
617767,6
617777,10
617791,14
617801,10
617809,8
617819,10
617843,24
617857,14
617873,16
617879,6
617887,8
617917,30
617951,34
617959,8
617963,4
617971,8
617983,12
618029,46
618031,2
618041,10
618049,8
618053,4
618083,30
618119,36
618131,12
618161,30
618173,12
618199,26
618227,28
618229,2
618253,24
618257,4
618269,12
618271,2
618287,16
618301,14
618311,10
618323,12
618329,6
618337,8
618347,10
618349,2
618361,12
618377,16
618407,30
618413,6
618421,8
618437,16
618439,2
618463,24
618509,46
618521,12
618547,26
618559,12
618571,12
618577,6
618581,4
618587,6
618589,2
618593,4
618619,26
618637,18
618643,6
618671,28
618679,8
618703,24
618707,4
618719,12
618799,80
618823,24
618833,10
618841,8
618847,6
618857,10
618859,2
618869,10
618883,14
618913,30
618929,16
618941,12
618971,30
618979,8
618991,12
618997,6
619007,10
619009,2
619019,10
619027,8
619033,6
619057,24
619061,4
619067,6
619079,12
619111,32
619117,6
619139,22
619159,20
619169,10
619181,12
619187,6
619189,2
619207,18
619247,40
619253,6
619261,8
619273,12
619277,4
619279,2
619303,24
619309,6
619313,4
619331,18
619363,32
619373,10
619391,18
619397,6
619471,74
619477,6
619511,34
619537,26
619543,6
619561,18
619573,12
619583,10
619589,6
619603,14
619607,4
619613,6
619621,8
619657,36
619669,12
619681,12
619687,6
619693,6
619711,18
619739,28
619741,2
619753,12
619763,10
619771,8
619793,22
619807,14
619811,4
619813,2
619819,6
619831,12
619841,10
619849,8
619867,18
619897,30
619909,12
619921,12
619967,46
619979,12
619981,2
619987,6
619999,12
620003,4
620029,26
620033,4
620051,18
620099,48
620111,12
620117,6
620159,42
620161,2
620171,10
620183,12
620197,14
620201,4
620227,26
620233,6
620237,4
620239,2
620251,12
620261,10
620297,36
620303,6
620311,8
620317,6
620329,12
620351,22
620359,8
620363,4
620377,14
620383,6
620393,10
620401,8
620413,12
620429,16
620437,8
620441,4
620461,20
620467,6
620491,24
620507,16
620519,12
620531,12
620549,18
620561,12
620567,6
620569,2
620579,10
620603,24
620623,20
620639,16
620647,8
620657,10
620663,6
620671,8
620689,18
620693,4
620717,24
620731,14
620743,12
620759,16
620771,12
620773,2
620777,4
620813,36
620821,8
620827,6
620831,4
620849,18
620869,20
620887,18
620909,22
620911,2
620929,18
620933,4
620947,14
620957,10
620981,24
620999,18
621007,8
621013,6
621017,4
621029,12
621031,2
621043,12
621059,16
621083,24
621097,14
621113,16
621133,20
621139,6
621143,4
621217,74
621223,6
621227,4
621239,12
621241,2
621259,18
621289,30
621301,12
621317,16
621337,20
621343,6
621347,4
621353,6
621359,6
621371,12
621389,18
621419,30
621427,8
621431,4
621443,12
621451,8
621461,10
621473,12
621521,48
621527,6
621541,14
621583,42
621611,28
621617,6
621619,2
621629,10
621631,2
621641,10
621671,30
621679,8
621697,18
621701,4
621703,2
621721,18
621739,18
621749,10
621757,8
621769,12
621779,10
621799,20
621821,22
621833,12
621869,36
621871,2
621883,12
621893,10
621913,20
621923,10
621937,14
621941,4
621983,42
621997,14
622009,12
622019,10
622043,24
622049,6
622051,2
622067,16
622073,6
622091,18
622103,12
622109,6
622123,14
622129,6
622133,4
622151,18
622157,6
622159,2
622177,18
622187,10
622189,2
622241,52
622243,2
622247,4
622249,2
622277,28
622301,24
622313,12
622331,18
622333,2
622337,4
622351,14
622367,16
622397,30
622399,2
622423,24
622477,54
622481,4
622483,2
622493,10
622513,20
622519,6
622529,10
622547,18
622549,2
622561,12
622571,10
622577,6
622603,26
622607,4
622613,6
622619,6
622621,2
622637,16
622639,2
622663,24
622669,6
622709,40
622723,14
622729,6
622751,22
622777,26
622781,4
622793,12
622813,20
622849,36
622861,12
622879,18
622889,10
622901,12
622927,26
622943,16
622957,14
622967,10
622987,20
622997,10
623003,6
623009,6
623017,8
623023,6
623041,18
623057,16
623059,2
623071,12
623107,36
623171,64
623209,38
623221,12
623261,40
623263,2
623269,6
623279,10
623281,2
623291,10
623299,8
623303,4
623321,18
623327,6
623341,14
623351,10
623353,2
623383,30
623387,4
623393,6
623401,8
623417,16
623423,6
623431,8
623437,6
623477,40
623521,44
623531,10
623537,6
623563,26
623591,28
623617,26
623621,4
623633,12
623641,8
623653,12
623669,16
623671,2
623677,6
623681,4
623683,2
623699,16
623717,18
623719,2
623723,4
623729,6
623743,14
623759,16
623767,8
623771,4
623803,32
623839,36
623851,12
623867,16
623869,2
623879,10
623881,2
623893,12
623923,30
623929,6
623933,4
623947,14
623957,10
623963,6
623977,14
623983,6
623989,6
624007,18
624031,24
624037,6
624047,10
624049,2
624067,18
624089,22
624097,8
624119,22
624133,14
624139,6
624149,10
624163,14
624191,28
624199,8
624203,4
624209,6
624229,20
624233,4
624241,8
624251,10
624259,8
624271,12
624277,6
624311,34
624313,2
624319,6
624329,10
624331,2
624347,16
624391,44
624401,10
624419,18
624443,24
624451,8
624467,16
624469,2
624479,10
624487,8
624497,10
624509,12
624517,8
624521,4
624539,18
624541,2
624577,36
624593,16
624599,6
624601,2
624607,6
624643,36
624649,6
624667,18
624683,16
624707,24
624709,2
624721,12
624727,6
624731,4
624737,6
624763,26
624769,6
624787,18
624791,4
624797,6
624803,6
624809,6
624829,20
624839,10
624847,8
624851,4
624859,8
624917,58
624961,44
624973,12
624977,4
624983,6
624997,14
625007,10
625033,26
625057,24
625063,6
625087,24
625103,16
625109,6
625111,2
625129,18
625133,4
625169,36
625171,2
625181,10
625187,6
625199,12
625213,14
625231,18
625237,6
625253,16
625267,14
625279,12
625283,4
625307,24
625319,12
625343,24
625351,8
625367,16
625369,2
625397,28
625409,12
625451,42
625477,26
625483,6
625489,6
625507,18
625517,10
625529,12
625543,14
625589,46
625591,2
625609,18
625621,12
625627,6
625631,4
625637,6
625643,6
625657,14
625661,4
625663,2
625697,34
625699,2
625763,64
625777,14
625789,12
625811,22
625819,8
625831,12
625837,6
625861,24
625871,10
625883,12
625909,26
625913,4
625927,14
625939,12
625943,4
625969,26
625979,10
625997,18
626009,12
626011,2
626033,22
626051,18
626063,12
626113,50
626117,4
626147,30
626159,12
626173,14
626177,4
626189,12
626191,2
626201,10
626207,6
626239,32
626251,12
626261,10
626317,56
626323,6
626333,10
626341,8
626347,6
626363,16
626377,14
626389,12
626393,4
626443,50
626477,34
626489,12
626519,30
626533,14
626539,6
626581,42
626597,16
626599,2
626609,10
626611,2
626617,6
626621,4
626623,2
626627,4
626629,2
626663,34
626683,20
626687,4
626693,6
626701,8
626711,10
626713,2
626723,10
626741,18
626749,8
626761,12
626771,10
626783,12
626797,14
626809,12
626833,24
626837,4
626861,24
626887,26
626917,30
626921,4
626929,8
626947,18
626953,6
626959,6
626963,4
626987,24
627017,30
627041,24
627059,18
627071,12
627073,2
627083,10
627089,6
627091,2
627101,10
627119,18
627131,12
627139,8
627163,24
627169,6
627191,22
627197,6
627217,20
627227,10
627251,24
627257,6
627269,12
627271,2
627293,22
627301,8
627329,28
627349,20
627353,4
627377,24
627379,2
627383,4
627391,8
627433,42
627449,16
627479,30
627481,2
627491,10
627511,20
627541,30
627547,6
627559,12
627593,34
627611,18
627617,6
627619,2
627637,18
627643,6
627659,16
627661,2
627667,6
627673,6
627709,36
627721,12
627733,12
627749,16
627773,24
627787,14
627791,4
627797,6
627799,2
627811,12
627841,30
627859,18
627901,42
627911,10
627919,8
627943,24
627947,4
627953,6
627961,8
627973,12
628013,40
628021,8
628037,16
628049,12
628051,2
628057,6
628063,6
628093,30
628097,4
628127,30
628139,12
628171,32
628183,12
628189,6
628193,4
628207,14
628213,6
628217,4
628219,2
628231,12
628261,30
628267,6
628289,22
628301,12
628319,18
628357,38
628363,6
628373,10
628379,6
628391,12
628399,8
628423,24
628427,4
628447,20
628477,30
628487,10
628493,6
628499,6
628547,48
628561,14
628583,22
628591,8
628651,60
628673,22
628679,6
628681,2
628687,6
628699,12
628709,10
628721,12
628753,32
628757,4
628759,2
628781,22
628783,2
628787,4
628799,12
628801,2
628811,10
628819,8
628841,22
628861,20
628877,16
628909,32
628913,4
628921,8
628937,16
628939,2
628973,34
628993,20
628997,4
629003,6
629009,6
629011,2
629023,12
629029,6
629059,30
629081,22
629113,32
629137,24
629143,6
629171,28
629177,6
629203,26
629243,40
629249,6
629263,14
629281,18
629311,30
629339,28
629341,2
629351,10
629371,20
629381,10
629383,2
629401,18
629411,10
629417,6
629429,12
629449,20
629467,18
629483,16
629491,8
629509,18
629513,4
629537,24
629567,30
629569,2
629591,22
629593,2
629609,16
629611,2
629617,6
629623,6
629653,30
629683,30
629687,4
629689,2
629701,12
629711,10
629723,12
629737,14
629743,6
629747,4
629767,20
629773,6
629779,6
629803,24
629807,4
629819,12
629843,24
629857,14
629861,4
629873,12
629891,18
629897,6
629899,2
629903,4
629921,18
629927,6
629929,2
629939,10
629963,24
629977,14
629987,10
629989,2
630017,28
630023,6
630029,6
630043,14
630067,24
630101,34
630107,6
630127,20
630151,24
630163,12
630167,4
630169,2
630181,12
630193,12
630197,4
630229,32
630247,18
630263,16
630281,18
630299,18
630307,8
630319,12
630349,30
630353,4
630391,38
630433,42
630451,18
630467,16
630473,6
630481,8
630493,12
630521,28
630523,2
630529,6
630559,30
630577,18
630583,6
630587,4
630589,2
630593,4
630607,14
630613,6
630659,46
630677,18
630689,12
630701,12
630709,8
630713,4
630719,6
630733,14
630737,4
630797,60
630803,6
630823,20
630827,4
630841,14
630863,22
630871,8
630893,22
630899,6
630901,2
630907,6
630911,4
630919,8
630941,22
630967,26
630997,30
631003,6
631013,10
631039,26
631061,22
631121,60
631133,12
631139,6
631151,12
631153,2
631157,4
631171,14
631181,10
631187,6
631223,36
631229,6
631247,18
631249,2
631259,10
631271,12
631273,2
631291,18
631307,16
631339,32
631357,18
631361,4
631387,26
631391,4
631399,8
631409,10
631429,20
631453,24
631457,4
631459,2
631469,10
631471,2
631483,12
631487,4
631507,20
631513,6
631529,16
631531,2
631537,6
631549,12
631559,10
631573,14
631577,4
631583,6
631597,14
631613,16
631619,6
631643,24
631667,24
631679,12
631681,2
631711,30
631717,6
631723,6
631733,10
631739,6
631751,12
631753,2
631789,36
631817,28
631819,2
631843,24
631847,4
631853,6
631859,6
631861,2
631867,6
631889,22
631901,12
631903,2
631913,10
631927,14
631931,4
631937,6
631979,42
631987,8
631991,4
631993,2
632029,36
632041,12
632053,12
632081,28
632083,2
632087,4
632089,2
632101,12
632117,16
632123,6
632141,18
632147,6
632153,6
632189,36
632209,20
632221,12
632227,6
632231,4
632251,20
632257,6
632267,10
632273,6
632297,24
632299,2
632321,22
632323,2
632327,4
632329,2
632347,18
632351,4
632353,2
632363,10
632371,8
632381,10
632389,8
632393,4
632447,54
632459,12
632473,14
632483,10
632497,14
632501,4
632503,2
632521,18
632557,36
632561,4
632591,30
632609,18
632623,14
632627,4
632629,2
632647,18
632669,22
632677,8
632683,6
632699,16
632713,14
632717,4
632743,26
632747,4
632773,26
632777,4
632813,36
632839,26
632843,4
632851,8
632857,6
632881,24
632897,16
632911,14
632923,12
632939,16
632941,2
632971,30
632977,6
632987,10
632993,6
633001,8
633013,12
633037,24
633053,16
633067,14
633079,12
633091,12
633133,42
633151,18
633161,10
633187,26
633197,10
633209,12
633221,12
633253,32
633257,4
633263,6
633271,8
633287,16
633307,20
633317,10
633337,20
633359,22
633377,18
633379,2
633383,4
633401,18
633407,6
633427,20
633449,22
633461,12
633463,2
633467,4
633469,2
633473,4
633487,14
633497,10
633559,62
633569,10
633571,2
633583,12
633599,16
633613,14
633623,10
633629,6
633649,20
633653,4
633667,14
633739,72
633751,12
633757,6
633767,10
633781,14
633791,10
633793,2
633797,4
633799,2
633803,4
633823,20
633833,10
633877,44
633883,6
633923,40
633931,8
633937,6
633943,6
633953,10
633961,8
633967,6
633991,24
634003,12
634013,10
634031,18
634061,30
634079,18
634091,12
634097,6
634103,6
634141,38
634157,16
634159,2
634169,10
634177,8
634181,4
634187,6
634199,12
634211,12
634223,12
634237,14
634241,4
634247,6
634261,14
634267,6
634273,6
634279,6
634301,22
634307,6
634313,6
634327,14
634331,4
634343,12
634367,24
634373,6
634397,24
634421,24
634441,20
634471,30
634483,12
634493,10
634499,6
634511,12
634519,8
634523,4
634531,8
634541,10
634567,26
634573,6
634577,4
634597,20
634603,6
634609,6
634643,34
634649,6
634651,2
634679,28
634681,2
634687,6
634703,16
634709,6
634717,8
634727,10
634741,14
634747,6
634757,10
634759,2
634793,34
634807,14
634817,10
634841,24
634853,12
634859,6
634861,2
634871,10
634891,20
634901,10
634903,2
634927,24
634937,10
634939,2
634943,4
634969,26
634979,10
635003,24
635021,18
635039,18
635051,12
635057,6
635087,30
635119,32
635147,28
635149,2
635197,48
635203,6
635207,4
635249,42
635251,2
635263,12
635267,4
635279,12
635287,8
635291,4
635293,2
635309,16
635317,8
635333,16
635339,6
635347,8
635351,4
635353,2
635359,6
635363,4
635387,24
635389,2
635413,24
635423,10
635431,8
635441,10
635449,8
635461,12
635471,10
635483,12
635507,24
635519,12
635527,8
635533,6
635563,30
635567,4
635599,32
635603,4
635617,14
635639,22
635653,14
635659,6
635689,30
635707,18
635711,4
635729,18
635731,2
635737,6
635777,40
635801,24
635809,8
635813,4
635821,8
635837,16
635849,12
635867,18
635879,12
635891,12
635893,2
635909,16
635917,8
635923,6
635939,16
635959,20
635969,10
635977,8
635981,4
635983,2
635989,6
636017,28
636023,6
636043,20
636059,16
636061,2
636071,10
636073,2
636107,34
636109,2
636133,24
636137,4
636149,12
636193,44
636211,18
636217,6
636241,24
636247,6
636257,10
636263,6
636277,14
636283,6
636287,4
636301,14
636313,12
636319,6
636331,12
636343,12
636353,10
636359,6
636403,44
636407,4
636409,2
636421,12
636469,48
636473,4
636499,26
636533,34
636539,6
636541,2
636547,6
636553,6
636563,10
636569,6
636613,44
636619,6
636631,12
636653,22
636673,20
636697,24
636719,22
636721,2
636731,10
636739,8
636749,10
636761,12
636763,2
636773,10
636781,8
636809,28
636817,8
636821,4
636829,8
636851,22
636863,12
636877,14
636917,40
636919,2
636931,12
636947,16
636953,6
636967,14
636983,16
636997,14
637001,4
637003,2
637067,64
637073,6
637079,6
637097,18
637129,32
637139,10
637157,18
637163,6
637171,8
637199,28
637201,2
637229,28
637243,14
637271,28
637277,6
637283,6
637291,8
637297,6
637309,12
637319,10
637321,2
637327,6
637337,10
637339,2
637349,10
637369,20
637379,10
637409,30
637421,12
637423,2
637447,24
637459,12
637463,4
637471,8
637489,18
637499,10
637513,14
637519,6
637529,10
637531,2
637543,12
637573,30
637597,24
637601,4
637603,2
637607,4
637627,20
637657,30
637669,12
637691,22
637699,8
637709,10
637711,2
637717,6
637723,6
637727,4
637729,2
637751,22
637771,20
637781,10
637783,2
637787,4
637817,30
637829,12
637831,2
637841,10
637873,32
637883,10
637909,26
637933,24
637937,4
637939,2
638023,84
638047,24
638051,4
638059,8
638063,4
638081,18
638117,36
638123,6
638147,24
638159,12
638161,2
638171,10
638177,6
638179,2
638201,22
638233,32
638263,30
638269,6
638303,34
638317,14
638327,10
638347,20
638359,12
638371,12
638423,52
638431,8
638437,6
638453,16
638459,6
638467,8
638489,22
638501,12
638527,26
638567,40
638581,14
638587,6
638621,34
638629,8
638633,4
638663,30
638669,6
638689,20
638699,10
638717,18
638719,2
638767,48
638801,34
638819,18
638839,20
638857,18
638861,4
638893,32
638923,30
638933,10
638959,26
638971,12
638977,6
638993,16
638999,6
639007,8
639011,4
639043,32
639049,6
639053,4
639083,30
639091,8
639137,46
639143,6
639151,8
639157,6
639167,10
639169,2
639181,12
639211,30
639253,42
639257,4
639259,2
639263,4
639269,6
639299,30
639307,8
639311,4
639329,18
639337,8
639361,24
639371,10
639391,20
639433,42
639439,6
639451,12
639487,36
639491,4
639493,2
639511,18
639517,6
639533,16
639547,14
639563,16
639571,8
639577,6
639589,12
639599,10
639601,2
639631,30
639637,6
639647,10
639671,24
639677,6
639679,2
639689,10
639697,8
639701,4
639703,2
639713,10
639719,6
639731,12
639739,8
639757,18
639833,76
639839,6
639851,12
639853,2
639857,4
639907,50
639911,4
639937,26
639941,4
639949,8
639959,10
639983,24
639997,14
640007,10
640009,2
640019,10
640027,8
640039,12
640043,4
640049,6
640061,12
640069,8
640099,30
640109,10
640121,12
640127,6
640139,12
640151,12
640153,2
640163,10
640193,30
640219,26
640223,4
640229,6
640231,2
640247,16
640249,2
640259,10
640261,2
640267,6
640279,12
640303,24
640307,4
640333,26
640363,30
640369,6
640411,42
640421,10
640457,36
640463,6
640477,14
640483,6
640499,16
640529,30
640531,2
640579,48
640583,4
640589,6
640613,24
640621,8
640631,10
640649,18
640663,14
640667,4
640669,2
640687,18
640691,4
640727,36
640733,6
640741,8
640771,30
640777,6
640793,16
640837,44
640847,10
640853,6
640859,6
640873,14
640891,18
640901,10
640907,6
640919,12
640933,14
640943,10
640949,6
640957,8
640963,6
640967,4
640973,6
640993,20
641051,58
641057,6
641077,20
641083,6
641089,6
641093,4
641101,8
641129,28
641131,2
641143,12
641167,24
641197,30
641203,6
641213,10
641227,14
641239,12
641261,22
641279,18
641287,8
641299,12
641317,18
641327,10
641371,44
641387,16
641411,24
641413,2
641419,6
641437,18
641441,4
641453,12
641467,14
641471,4
641479,8
641491,12
641513,22
641519,6
641521,2
641549,28
641551,2
641579,28
641581,2
641623,42
641633,10
641639,6
641681,42
641701,20
641713,12
641747,34
641749,2
641761,12
641789,28
641791,2
641803,12
641813,10
641819,6
641821,2
641827,6
641833,6
641843,10
641863,20
641867,4
641873,6
641881,8
641891,10
641897,6
641909,12
641923,14
641929,6
641959,30
641969,10
641981,12
642011,30
642013,2
642049,36
642071,22
642077,6
642079,2
642113,34
642121,8
642133,12
642149,16
642151,2
642157,6
642163,6
642197,34
642199,2
642211,12
642217,6
642223,6
642233,10
642241,8
642247,6
642253,6
642281,28
642359,78
642361,2
642373,12
642403,30
642407,4
642419,12
642427,8
642457,30
642487,30
642517,30
642527,10
642529,2
642533,4
642547,14
642557,10
642563,6
642581,18
642613,32
642623,10
642673,50
642683,10
642701,18
642737,36
642739,2
642769,30
642779,10
642791,12
642797,6
642799,2
642809,10
642833,24
642853,20
642869,16
642871,2
642877,6
642881,4
642899,18
642907,8
642931,24
642937,6
642947,10
642953,6
642973,20
642977,4
642997,20
643009,12
643021,12
643031,10
643039,8
643043,4
643051,8
643061,10
643073,12
643081,8
643087,6
643099,12
643121,22
643129,8
643183,54
643187,4
643199,12
643213,14
643217,4
643231,14
643243,12
643273,30
643301,28
643303,2
643369,66
643373,4
643403,30
643421,18
643429,8
643439,10
643453,14
643457,4
643463,6
643469,6
643493,24
643507,14
643523,16
643547,24
643553,6
643567,14
643583,16
643589,6
643619,30
643633,14
643639,6
643649,10
643651,2
643661,10
643681,20
643691,10
643693,2
643697,4
643703,6
643723,20
643729,6
643751,22
643781,30
643847,66
643849,2
643859,10
643873,14
643879,6
643883,4
643889,6
643919,30
643927,8
643949,22
643957,8
643961,4
643969,8
643991,22
644009,18
644029,20
644047,18
644051,4
644053,2
644057,4
644089,32
644101,12
644107,6
644117,10
644123,6
644129,6
644131,2
644141,10
644143,2
644153,10
644159,6
644173,14
644191,18
644197,6
644201,4
644227,26
644239,12
644257,18
644261,4
644291,30
644297,6
644327,30
644341,14
644353,12
644359,6
644363,4
644377,14
644381,4
644383,2
644401,18
644411,10
644431,20
644443,12
644447,4
644489,42
644491,2
644507,16
644513,6
644519,6
644531,12
644549,18
644557,8
644563,6
644569,6
644593,24
644597,4
644599,2
644617,18
644629,12
644647,18
644653,6
644669,16
644671,2
644687,16
644701,14
644717,16
644729,12
644731,2
644747,16
644753,6
644767,14
644783,16
644789,6
644797,8
644801,4
644837,36
644843,6
644857,14
644863,6
644867,4
644869,2
644881,12
644899,18
644909,10
644911,2
644923,12
644933,10
644951,18
644977,26
644999,22
645011,12
645013,2
645019,6
645023,4
645037,14
645041,4
645049,8
645067,18
645077,10
645083,6
645091,8
645097,6
645131,34
645137,6
645149,12
645179,30
645187,8
645233,46
645257,24
645313,56
645329,16
645347,18
645353,6
645367,14
645383,16
645397,14
645409,12
645419,10
645431,12
645433,2
645443,10
645467,24
645481,14
645493,12
645497,4
645499,2
645503,4
645521,18
645527,6
645529,2
645571,42
645577,6
645581,4
645583,2
645599,16
645611,12
645629,18
645641,12
645647,6
645649,2
645661,12
645683,22
645691,8
645703,12
645713,10
645727,14
645737,10
645739,2
645751,12
645763,12
645787,24
645803,16
645833,30
645839,6
645851,12
645857,6
645877,20
645889,12
645893,4
645901,8
645907,6
645937,30
645941,4
645973,32
645979,6
646003,24
646013,10
646027,14
646039,12
646067,28
646073,6
646099,26
646103,4
646147,44
646157,10
646159,2
646169,10
646181,12
646183,2
646189,6
646193,4
646199,6
646237,38
646253,16
646259,6
646267,8
646271,4
646273,2
646291,18
646301,10
646307,6
646309,2
646339,30
646379,40
646397,18
646403,6
646411,8
646421,10
646423,2
646433,10
646453,20
646519,66
646523,4
646537,14
646543,6
646549,6
646571,22
646573,2
646577,4
646609,32
646619,10
646631,12
646637,6
646643,6
646669,26
646687,18
646721,34
646757,36
646771,14
646781,10
646823,42
646831,8
646837,6
646843,6
646859,16
646873,14
646879,6
646883,4
646889,6
646897,8
646909,12
646913,4
646927,14
646937,10
646957,20
646979,22
646981,2
646991,10
646993,2
647011,18
647033,22
647039,6
647047,8
647057,10
647069,12
647081,12
647099,18
647111,12
647113,2
647117,4
647131,14
647147,16
647161,14
647189,28
647201,12
647209,8
647219,10
647261,42
647263,2
647293,30
647303,10
647321,18
647327,6
647333,6
647341,8
647357,16
647359,2
647363,4
647371,8
647399,28
647401,2
647417,16
647429,12
647441,12
647453,12
647477,24
647489,12
647503,14
647509,6
647527,18
647531,4
647551,20
647557,6
647579,22
647587,8
647593,6
647609,16
647617,8
647627,10
647641,14
647651,10
647659,8
647663,4
647687,24
647693,6
647719,26
647723,4
647741,18
647743,2
647747,4
647753,6
647771,18
647783,12
647789,6
647809,20
647821,12
647837,16
647839,2
647851,12
647861,10
647891,30
647893,2
647909,16
647917,8
647951,34
647953,2
647963,10
647987,24
648007,20
648019,12
648029,10
648041,12
648047,6
648059,12
648061,2
648073,12
648079,6
648097,18
648101,4
648107,6
648119,12
648133,14
648173,40
648181,8
648191,10
648199,8
648211,12
648217,6
648229,12
648239,10
648257,18
648259,2
648269,10
648283,14
648289,6
648293,4
648317,24
648331,14
648341,10
648343,2
648371,28
648377,6
648379,2
648383,4
648391,8
648433,42
648437,4
648449,12
648481,32
648509,28
648563,54
648607,44
648617,10
648619,2
648629,10
648631,2
648649,18
648653,4
648671,18
648677,6
648689,12
648709,20
648719,10
648731,12
648763,32
648779,16
648803,24
648841,38
648859,18
648863,4
648871,8
648887,16
648889,2
648911,22
648917,6
648931,14
648937,6
648953,16
648961,8
648971,10
648997,26
649001,4
649007,6
649039,32
649063,24
649069,6
649073,4
649079,6
649081,2
649087,6
649093,6
649123,30
649141,18
649147,6
649151,4
649157,6
649183,26
649217,34
649261,44
649273,12
649277,4
649279,2
649283,4
649291,8
649307,16
649321,14
649361,40
649379,18
649381,2
649403,22
649421,18
649423,2
649427,4
649457,30
649469,12
649471,2
649483,12
649487,4
649499,12
649501,2
649507,6
649511,4
649529,18
649541,12
649559,18
649567,8
649573,6
649577,4
649613,36
649619,6
649631,12
649633,2
649639,6
649643,4
649651,8
649657,6
649661,4
649697,36
649709,12
649717,8
649739,22
649751,12
649769,18
649771,2
649777,6
649783,6
649787,4
649793,6
649799,6
649801,2
649813,12
649829,16
649843,14
649849,6
649867,18
649871,4
649877,6
649879,2
649897,18
649907,10
649921,14
649937,16
649969,32
649981,12
649991,10
