450001,12
450011,10
450019,8
450029,10
450067,38
450071,4
450077,6
450083,6
450101,18
450103,2
450113,10
450127,14
450137,10
450161,24
450169,8
450193,24
450199,6
450209,10
450217,8
450223,6
450227,4
450239,12
450257,18
450259,2
450277,18
450287,10
450293,6
450299,6
450301,2
450311,10
450343,32
450349,6
450361,12
450367,6
450377,10
450383,6
450391,8
450403,12
450413,10
450421,8
450431,10
450451,20
450473,22
450479,6
450481,2
450487,6
450493,6
450503,10
450529,26
450533,4
450557,24
450563,6
450581,18
450587,6
450599,12
450601,2
450617,16
450641,24
450643,2
450649,6
450677,28
450691,14
450707,16
450719,12
450727,8
450761,34
450767,6
450787,20
450797,10
450799,2
450803,4
450809,6
450811,2
450817,6
450829,12
450839,10
450841,2
450847,6
450859,12
450881,22
450883,2
450887,4
450893,6
450899,6
450913,14
450917,4
450929,12
450943,14
450949,6
450971,22
450991,20
450997,6
451013,16
451039,26
451051,12
451057,6
451069,12
451093,24
451097,4
451103,6
451109,6
451159,50
451177,18
451181,4
451183,2
451201,18
451207,6
451249,42
451277,28
451279,2
451301,22
451303,2
451309,6
451313,4
451331,18
451337,6
451343,6
451361,18
451387,26
451397,10
451411,14
451439,28
451441,2
451481,40
451499,18
451519,20
451523,4
451541,18
451547,6
451553,6
451579,26
451601,22
451609,8
451621,12
451637,16
451657,20
451663,6
451667,4
451669,2
451679,10
451681,2
451691,10
451699,8
451709,10
451723,14
451747,24
451753,6
451771,18
451783,12
451793,10
451799,6
451823,24
451831,8
451837,6
451859,22
451873,14
451879,6
451897,18
451901,4
451903,2
451909,6
451921,12
451933,12
451937,4
451939,2
451961,22
451967,6
451987,20
452009,22
452017,8
452027,10
452033,6
452041,8
452077,36
452083,6
452087,4
452131,44
452159,28
452161,2
452171,10
452191,20
452201,10
452213,12
452227,14
452233,6
452239,6
452269,30
452279,10
452293,14
452297,4
452329,32
452363,34
452377,14
452393,16
452401,8
452443,42
452453,10
452497,44
452519,22
452521,2
452531,10
452533,2
452537,4
452539,2
452549,10
452579,30
452587,8
452597,10
452611,14
452629,18
452633,4
452671,38
452687,16
452689,2
452701,12
452731,30
452759,28
452773,14
452797,24
452807,10
452813,6
452821,8
452831,10
452857,26
452869,12
452873,4
452923,50
452953,30
452957,4
452983,26
452989,6
453023,34
453029,6
453053,24
453073,20
453107,34
453119,12
453133,14
453137,4
453143,6
453157,14
453161,4
453181,20
453197,16
453199,2
453209,10
453217,8
453227,10
453239,12
453247,8
453269,22
453289,20
453293,4
453301,8
453311,10
453317,6
453329,12
453347,18
453367,20
453371,4
453377,6
453379,2
453421,42
453451,30
453461,10
453527,66
453553,26
453559,6
453569,10
453571,2
453599,28
453601,2
453617,16
453631,14
453637,6
453641,4
453643,2
453659,16
453667,8
453671,4
453683,12
453703,20
453707,4
453709,2
453737,28
453757,20
453797,40
453799,2
453823,24
453833,10
453847,14
453851,4
453877,26
453889,12
453907,18
453913,6
453923,10
453931,8
453949,18
453961,12
453977,16
453983,6
453991,8
454009,18
454021,12
454031,10
454033,2
454039,6
454061,22
454063,2
454079,16
454109,30
454141,32
454151,10
454159,8
454183,24
454199,16
454211,12
454213,2
454219,6
454229,10
454231,2
454247,16
454253,6
454277,24
454297,20
454303,6
454313,10
454331,18
454351,20
454357,6
454361,4
454379,18
454387,8
454409,22
454417,8
454451,34
454453,2
454483,30
454501,18
454507,6
454513,6
454541,28
454543,2
454547,4
454577,30
454579,2
454603,24
454609,6
454627,18
454637,10
454673,36
454679,6
454709,30
454711,2
454721,10
454723,2
454759,36
454763,4
454777,14
454799,22
454823,24
454843,20
454847,4
454849,2
454859,10
454889,30
454891,2
454907,16
454919,12
454921,2
454931,10
454943,12
454967,24
454969,2
454973,4
454991,18
455003,12
455011,8
455033,22
455047,14
455053,6
455093,40
455099,6
455123,24
455149,26
455159,10
455167,8
455171,4
455177,6
455201,24
455219,18
455227,8
455233,6
455237,4
455261,24
455263,2
455269,6
455291,22
455309,18
455317,8
455321,4
455333,12
455339,6
455341,2
455353,12
455381,28
455393,12
455401,8
455407,6
455419,12
455431,12
455437,6
455443,6
455461,18
455471,10
455473,2
455479,6
455489,10
455491,2
455513,22
455527,14
455531,4
455537,6
455557,20
455573,16
455579,6
455597,18
455599,2
455603,4
455627,24
455647,20
455659,12
455681,22
455683,2
455687,4
455701,14
455711,10
455717,6
455737,20
455761,24
455783,22
455789,6
455809,20
455827,18
455831,4
455849,18
455863,14
455881,18
455899,18
455921,22
455933,12
455941,8
455953,12
455969,16
455977,8
455989,12
455993,4
455999,6
456007,8
456013,6
456023,10
456037,14
456047,10
456061,14
456091,30
456107,16
456109,2
456119,10
456149,30
456151,2
456167,16
456193,26
456223,30
456233,10
456241,8
456283,42
456293,10
456329,36
456349,20
456353,4
456367,14
456377,10
456403,26
456409,6
456427,18
456439,12
456451,12
456457,6
456461,4
456499,38
456503,4
456517,14
456523,6
456529,6
456539,10
456553,14
456557,4
456559,2
456571,12
456581,10
456587,6
456607,20
456611,4
456613,2
456623,10
456641,18
456647,6
456649,2
456653,4
456679,26
456683,4
456697,14
456727,30
456737,10
456763,26
456767,4
456769,2
456791,22
456809,18
456811,2
456821,10
456871,50
456877,6
456881,4
456899,18
456901,2
456923,22
456949,26
456959,10
456979,20
456991,12
457001,10
457003,2
457013,10
457021,8
457043,22
457049,6
457057,8
457087,30
457091,4
457097,6
457099,2
457117,18
457139,22
457151,12
457153,2
457183,30
457189,6
457201,12
457213,12
457229,16
457241,12
457253,12
457267,14
457271,4
457277,6
457279,2
457307,28
457319,12
457333,14
457339,6
457363,24
457367,4
457381,14
457393,12
457397,4
457399,2
457403,4
457411,8
457421,10
457433,12
457459,26
457469,10
457507,38
457511,4
457517,6
457547,30
457553,6
457559,6
457571,12
457607,36
457609,2
457621,12
457643,22
457651,8
457661,10
457669,8
457673,4
457679,6
457687,8
457697,10
457711,14
457739,28
457757,18
457789,32
457799,10
457813,14
457817,4
457829,12
457837,8
457871,34
457889,18
457903,14
457913,10
457943,30
457979,36
457981,2
457987,6
458009,22
458027,18
458039,12
458047,8
458053,6
458057,4
458063,6
458069,6
458119,50
458123,4
458173,50
458179,6
458189,10
458191,2
458197,6
458207,10
458219,12
458239,20
458309,70
458317,8
458323,6
458327,4
458333,6
458357,24
458363,6
458377,14
458399,22
458401,2
458407,6
458449,42
458477,28
458483,6
458501,18
458531,30
458533,2
458543,10
458567,24
458569,2
458573,4
458593,20
458599,6
458611,12
458621,10
458629,8
458639,10
458651,12
458663,12
458669,6
458683,14
458701,18
458719,18
458729,10
458747,18
458789,42
458791,2
458797,6
458807,10
458819,12
458849,30
458863,14
458879,16
458891,12
458897,6
458917,20
458921,4
458929,8
458947,18
458957,10
458959,2
458963,4
458971,8
458977,6
458981,4
458987,6
458993,6
459007,14
459013,6
459023,10
459029,6
459031,2
459037,6
459047,10
459089,42
459091,2
459113,22
459127,14
459167,40
459169,2
459181,12
459209,28
459223,14
459229,6
459233,4
459257,24
459271,14
459293,22
459301,8
459313,12
459317,4
459337,20
459341,4
459343,2
459353,10
459373,20
459377,4
459383,6
459397,14
459421,24
459427,6
459443,16
459463,20
459467,4
459469,2
459479,10
459509,30
459521,12
459523,2
459593,70
459607,14
459611,4
459619,8
459623,4
459631,8
459647,16
459649,2
459671,22
459677,6
459691,14
459703,12
459749,46
459763,14
459791,28
459803,12
459817,14
459829,12
459841,12
459847,6
459883,36
459913,30
459923,10
459929,6
459937,8
459961,24
460013,52
460039,26
460051,12
460063,12
460073,10
460079,6
460081,2
460087,6
460091,4
460099,8
460111,12
460127,16
460147,20
460157,10
460171,14
460181,10
460189,8
460211,22
460217,6
460231,14
460247,16
460267,20
460289,22
460297,8
460301,4
460337,36
460349,12
460373,24
460379,6
460387,8
460393,6
460403,10
460409,6
460417,8
460451,34
460463,12
460477,14
460531,54
460543,12
460561,18
460571,10
460589,18
460609,20
460619,10
460627,8
460633,6
460637,4
460643,6
460657,14
460673,16
460697,24
460709,12
460711,2
460721,10
460771,50
460777,6
460787,10
460793,6
460813,20
460829,16
460841,12
460843,2
460871,28
460891,20
460903,12
460907,4
460913,6
460919,6
460937,18
460949,12
460951,2
460969,18
460973,4
460979,6
460981,2
460987,6
460991,4
461009,18
461011,2
461017,6
461051,34
461053,2
461059,6
461093,34
461101,8
461119,18
461143,24
461147,4
461171,24
461183,12
461191,8
461207,16
461233,26
461239,6
461257,18
461269,12
461273,4
461297,24
461299,2
461309,10
461317,8
461323,6
461327,4
461333,6
461359,26
461381,22
461393,12
461407,14
461411,4
461413,2
461437,24
461441,4
461443,2
461467,24
461479,12
461507,28
461521,14
461561,40
461569,8
461581,12
461599,18
461603,4
461609,6
461627,18
461639,12
461653,14
461677,24
461687,10
461689,2
461693,4
461707,14
461717,10
461801,84
461803,2
461819,16
461843,24
461861,18
461887,26
461891,4
461917,26
461921,4
461933,12
461957,24
461971,14
461977,6
461983,6
462013,30
462041,28
462067,26
462073,6
462079,6
462097,18
462103,6
462109,6
462113,4
462131,18
462149,18
462181,32
462191,10
462199,8
462221,22
462239,18
462263,24
462271,8
462307,36
462311,4
462331,20
462337,6
462361,24
462373,12
462377,4
462401,24
462409,8
462419,10
462421,2
462437,16
462443,6
462467,24
462481,14
462491,10
462493,2
462499,6
462529,30
462541,12
462547,6
462557,10
462569,12
462571,2
462577,6
462589,12
462607,18
462629,22
462641,12
462643,2
462653,10
462659,6
462667,8
462673,6
462677,4
462697,20
462713,16
462719,6
462727,8
462733,6
462739,6
462773,34
462827,54
462841,14
462851,10
462863,12
462871,8
462881,10
462887,6
462899,12
462901,2
462911,10
462937,26
462947,10
462953,6
462983,30
463003,20
463031,28
463033,2
463093,60
463103,10
463157,54
463181,24
463189,8
463207,18
463213,6
463219,6
463231,12
463237,6
463247,10
463249,2
463261,12
463283,22
463291,8
463297,6
463303,6
463313,10
463319,6
463321,2
463339,18
463343,4
463363,20
463387,24
463399,12
463433,34
463447,14
463451,4
463453,2
463457,4
463459,2
463483,24
463501,18
463511,10
463513,2
463523,10
463531,8
463537,6
463549,12
463579,30
463613,34
463627,14
463633,6
463643,10
463649,6
463663,14
463679,16
463693,14
463711,18
463717,6
463741,24
463747,6
463753,6
463763,10
463781,18
463787,6
463807,20
463823,16
463829,6
463831,2
463849,18
463861,12
463867,6
463873,6
463889,16
463891,2
463907,16
463919,12
463921,2
463949,28
463963,14
463973,10
463987,14
463993,6
464003,10
464011,8
464021,10
464033,12
464047,14
464069,22
464081,12
464089,8
464119,30
464129,10
464131,2
464137,6
464141,4
464143,2
464171,28
464173,2
464197,24
464201,4
464213,12
464237,24
464251,14
464257,6
464263,6
464279,16
464281,2
464291,10
464309,18
464311,2
464327,16
464351,24
464371,20
464381,10
464383,2
464413,30
464419,6
464437,18
464447,10
464459,12
464467,8
464479,12
464483,4
464521,38
464537,16
464539,2
464549,10
464557,8
464561,4
464587,26
464591,4
464603,12
464617,14
464621,4
464647,26
464663,16
464687,24
464699,12
464741,42
464747,6
464749,2
464753,4
464767,14
464771,4
464773,2
464777,4
464801,24
464803,2
464809,6
464813,4
464819,6
464843,24
464857,14
464879,22
464897,18
464909,12
464917,8
464923,6
464927,4
464939,12
464941,2
464951,10
464953,2
464963,10
464983,20
464993,10
464999,6
465007,8
465011,4
465013,2
465019,6
465041,22
465061,20
465067,6
465071,4
465077,6
465079,2
465089,10
465107,18
465119,12
465133,14
465151,18
465161,10
465163,2
465167,4
465169,2
465173,4
465187,14
465209,22
465211,2
465259,48
465271,12
465277,6
465281,4
465293,12
465299,6
465317,18
465319,2
465331,12
465337,6
465373,36
465379,6
465383,4
465407,24
465419,12
465433,14
465463,30
465469,6
465523,54
465529,6
465541,12
465551,10
465581,30
465587,6
465611,24
465631,20
465643,12
465649,6
465659,10
465679,20
465701,22
465721,20
465739,18
465743,4
465761,18
465781,20
465797,16
465799,2
465809,10
465821,12
465833,12
465841,8
465887,46
465893,6
465901,8
465917,16
465929,12
465931,2
465947,16
465977,30
465989,12
466009,20
466019,10
466027,8
466033,6
466043,10
466061,18
466069,8
466073,4
466079,6
466087,8
466091,4
466121,30
466139,18
466153,14
466171,18
466181,10
466183,2
466201,18
466243,42
466247,4
466261,14
466267,6
466273,6
466283,10
466303,20
466321,18
466331,10
466339,8
466357,18
466369,12
466373,4
466409,36
466423,14
466441,18
466451,10
466483,32
466517,34
466537,20
466547,10
466553,6
466561,8
466567,6
466573,6
466579,6
466603,24
466619,16
466637,18
466649,12
466651,2
466673,22
466717,44
466723,6
466729,6
466733,4
466747,14
466751,4
466777,26
466787,10
466801,14
466819,18
466853,34
466859,6
466897,38
466909,12
466913,4
466919,6
466951,32
466957,6
466997,40
467003,6
467009,6
467017,8
467021,4
467063,42
467081,18
467083,2
467101,18
467119,18
467123,4
467141,18
467147,6
467171,24
467183,12
467197,14
467209,12
467213,4
467237,24
467239,2
467261,22
467293,32
467297,4
467317,20
467329,12
467333,4
467353,20
467371,18
467399,28
467417,18
467431,14
467437,6
467447,10
467471,24
467473,2
467477,4
467479,2
467491,12
467497,6
467503,6
467507,4
467527,20
467531,4
467543,12
467549,6
467557,8
467587,30
467591,4
467611,20
467617,6
467627,10
467629,2
467633,4
467641,8
467651,10
467657,6
467669,12
467671,2
467681,10
467689,8
467699,10
467713,14
467729,16
467737,8
467743,6
467749,6
467773,24
467783,10
467813,30
467827,14
467833,6
467867,34
467869,2
467879,10
467881,2
467893,12
467897,4
467899,2
467903,4
467927,24
467941,14
467953,12
467963,10
467977,14
468001,24
468011,10
468019,8
468029,10
468049,20
468059,10
468067,8
468071,4
468079,8
468107,28
468109,2
468113,4
468121,8
468133,12
468137,4
468151,14
468157,6
468173,16
468187,14
468191,4
468199,8
468239,40
468241,2
468253,12
468271,18
468277,6
468289,12
468319,30
468323,4
468353,30
468359,6
468371,12
468389,18
468421,32
468439,18
468451,12
468463,12
468473,10
468491,18
468493,2
468499,6
468509,10
468527,18
468551,24
468557,6
468577,20
468581,4
468593,12
468599,6
468613,14
468619,6
468623,4
468641,18
468647,6
468653,6
468661,8
468667,6
468683,16
468691,8
468697,6
468703,6
468709,6
468719,10
468737,18
468739,2
468761,22
468773,12
468781,8
468803,22
468817,14
468821,4
468841,20
468851,10
468859,8
468869,10
468883,14
468887,4
468889,2
468893,4
468899,6
468913,14
468953,40
468967,14
468973,6
468983,10
469009,26
469031,22
469037,6
469069,32
469099,30
469121,22
469127,6
469141,14
469153,12
469169,16
469193,24
469207,14
469219,12
469229,10
469237,8
469241,4
469253,12
469267,14
469279,12
469283,4
469303,20
469321,18
469331,10
469351,20
469363,12
469367,4
469369,2
469379,10
469397,18
469411,14
469429,18
469439,10
469457,18
469487,30
469501,14
469529,28
469541,12
469543,2
469561,18
469583,22
469589,6
469613,24
469627,14
469631,4
469649,18
469657,8
469673,16
469687,14
469691,4
469717,26
469723,6
469747,24
469753,6
469757,4
469769,12
469787,18
469793,6
469801,8
469811,10
469823,12
469841,18
469849,8
469877,28
469879,2
469891,12
469907,16
469919,12
469939,20
469957,18
469969,12
469979,10
469993,14
470021,28
470039,18
470059,20
470077,18
470081,4
470083,2
470087,4
470089,2
470131,42
470149,18
470153,4
470161,8
470167,6
470179,12
470201,22
470207,6
470209,2
470213,4
470219,6
470227,8
470243,16
470251,8
470263,12
470279,16
470297,18
470299,2
470303,4
470317,14
470333,16
470347,14
470359,12
470389,30
470399,10
470411,12
470413,2
470417,4
470429,12
470443,14
470447,4
470453,6
470461,8
470471,10
470473,2
470489,16
470501,12
470513,12
470521,8
470531,10
470539,8
470551,12
470579,28
470593,14
470597,4
470599,2
470609,10
470621,12
470627,6
470647,20
470651,4
470653,2
470663,10
470669,6
470689,20
470711,22
470719,8
470731,12
470749,18
470779,30
470783,4
470791,8
470819,28
470831,12
470837,6
470863,26
470867,4
470881,14
470887,6
470891,4
470903,12
470927,24
470933,6
470941,8
470947,6
470957,10
470959,2
470993,34
470999,6
471007,8
471041,34
471061,20
471073,12
471089,16
471091,2
471101,10
471137,36
471139,2
471161,22
471173,12
471179,6
471187,8
471193,6
471209,16
471217,8
471241,24
471253,12
471259,6
471277,18
471281,4
471283,2
471299,16
471301,2
471313,12
471353,40
471389,36
471391,2
471403,12
471407,4
471439,32
471451,12
471467,16
471481,14
471487,6
471503,16
471509,6
471521,12
471533,12
471539,6
471553,14
471571,18
471589,18
471593,4
471607,14
471617,10
471619,2
471641,22
471649,8
471659,10
471671,12
471673,2
471677,4
471683,6
471697,14
471703,6
471719,16
471721,2
471749,28
471769,20
471781,12
471791,10
471803,12
471817,14
471841,24
471847,6
471853,6
471871,18
471893,22
471901,8
471907,6
471923,16
471929,6
471931,2
471943,12
471949,6
471959,10
471997,38
472019,22
472027,8
472051,24
472057,6
472063,6
472067,4
472103,36
472111,8
472123,12
472127,4
472133,6
472139,6
472151,12
472159,8
472163,4
472189,26
472193,4
472247,54
472249,2
472253,4
472261,8
472273,12
472289,16
472301,12
472309,8
472319,10
472331,12
472333,2
472349,16
472369,20
472391,22
472393,2
472399,6
472411,12
472421,10
472457,36
472469,12
472477,8
472523,46
472541,18
472543,2
472559,16
472561,2
472573,12
472597,24
472631,34
472639,8
472643,4
472669,26
472687,18
472691,4
472697,6
472709,12
472711,2
472721,10
472741,20
472751,10
472763,12
472793,30
472799,6
472817,18
472831,14
472837,6
472847,10
472859,12
472883,24
472907,24
472909,2
472921,12
472937,16
472939,2
472963,24
472993,30
473009,16
473021,12
473027,6
473089,62
473101,12
473117,16
473141,24
473147,6
473159,12
473167,8
473173,6
473191,18
473197,6
473201,4
473203,2
473219,16
473227,8
473257,30
473279,22
473287,8
473293,6
473311,18
473321,10
473327,6
473351,24
473353,2
473377,24
473381,4
473383,2
473411,28
473419,8
473441,22
473443,2
473453,10
473471,18
473477,6
473479,2
473497,18
473503,6
473507,4
473513,6
473519,6
473527,8
473531,4
473533,2
473549,16
473579,30
473597,18
473611,14
473617,6
473633,16
473647,14
473659,12
473719,60
473723,4
473729,6
473741,12
473743,2
473761,18
473789,28
473833,44
473839,6
473857,18
473861,4
473867,6
473887,20
473899,12
473911,12
473923,12
473927,4
473929,2
473939,10
473951,12
473953,2
473971,18
473981,10
473987,6
473999,12
474017,18
474029,12
474037,8
474043,6
474049,6
474059,10
474073,14
474077,4
474101,24
474119,18
474127,8
474137,10
474143,6
474151,8
474163,12
474169,6
474197,28
474211,14
474223,12
474241,18
474263,22
474289,26
474307,18
474311,4
474319,8
474337,18
474343,6
474347,4
474359,12
474379,20
474389,10
474391,2
474413,22
474433,20
474437,4
474443,6
474479,36
474491,12
474497,6
474499,2
474503,4
474533,30
474541,8
474547,6
474557,10
474569,12
474571,2
474581,10
474583,2
474619,36
474629,10
474647,18
474659,12
474667,8
474671,4
474707,36
474709,2
474737,28
474751,14
474757,6
474769,12
474779,10
474787,8
474809,22
474811,2
474839,28
474847,8
474857,10
474899,42
474907,8
474911,4
474917,6
474923,6
474931,8
474937,6
474941,4
474949,8
474959,10
474977,18
474983,6
475037,54
475051,14
475073,22
475081,8
475091,10
475093,2
475103,10
475109,6
475141,32
475147,6
475151,4
475159,8
475169,10
475207,38
475219,12
475229,10
475243,14
475271,28
475273,2
475283,10
475289,6
475297,8
475301,4
475327,26
475331,4
475333,2
475351,18
475367,16
475369,2
475379,10
475381,2
475403,22
475417,14
475421,4
475427,6
475429,2
475441,12
475457,16
475469,12
475483,14
475511,28
475523,12
475529,6
475549,20
475583,34
475597,14
475613,16
475619,6
475621,2
475637,16
475639,2
475649,10
475669,20
475679,10
475681,2
475691,10
475693,2
475697,4
475721,24
475729,8
475751,22
475753,2
475759,6
475763,4
475777,14
475789,12
475793,4
475807,14
475823,16
475831,8
475837,6
475841,4
475859,18
475877,18
475879,2
475889,10
475897,8
475903,6
475907,4
475921,14
475927,6
475933,6
475957,24
475973,16
475991,18
475997,6
476009,12
476023,14
476027,4
476029,2
476039,10
476041,2
476059,18
476081,22
476087,6
476089,2
476101,12
476107,6
476111,4
476137,26
476143,6
476167,24
476183,16
476219,36
476233,14
476237,4
476243,6
476249,6
476279,30
476299,20
476317,18
476347,30
476351,4
476363,12
476369,6
476381,12
476401,20
476407,6
476419,12
476423,4
476429,6
476467,38
476477,10
476479,2
476507,28
476513,6
476519,6
476579,60
476587,8
476591,4
476599,8
476603,4
476611,8
476633,22
476639,6
476647,8
476659,12
476681,22
476683,2
476701,18
476713,12
476719,6
476737,18
476743,6
476753,10
476759,6
476783,24
476803,20
476831,28
476849,18
476851,2
476863,12
476869,6
476887,18
476891,4
476911,20
476921,10
476929,8
476977,48
476981,4
476989,8
477011,22
477013,2
477017,4
477019,2
477031,12
477047,16
477073,26
477077,4
477091,14
477131,40
477149,18
477163,14
477209,46
477221,12
477229,8
477259,30
477277,18
477293,16
477313,20
477317,4
477329,12
477341,12
477359,18
477361,2
477383,22
477409,26
477439,30
477461,22
477469,8
477497,28
477511,14
477517,6
477523,6
477539,16
477551,12
477553,2
477557,4
477571,14
477577,6
477593,16
477619,26
477623,4
477637,14
477671,34
477677,6
477721,44
477727,6
477731,4
477739,8
477767,28
477769,2
477791,22
477797,6
477809,12
477811,2
477821,10
477823,2
477839,16
477847,8
477857,10
477863,6
477881,18
477899,18
477913,14
477941,28
477947,6
477973,26
477977,4
477991,14
478001,10
478039,38
478063,24
478067,4
478069,2
478087,18
478099,12
478111,12
478129,18
478139,10
478157,18
478169,12
478171,2
478189,18
478199,10
478207,8
478213,6
478241,28
478243,2
478253,10
478259,6
478271,12
478273,2
478321,48
478339,18
478343,4
478351,8
478391,40
478399,8
478403,4
478411,8
478417,6
478421,4
478427,6
478433,6
478441,8
478451,10
478453,2
478459,6
478481,22
478483,2
478493,10
478523,30
478531,8
478571,40
478573,2
478579,6
478589,10
478603,14
478627,24
478631,4
478637,6
478651,14
478679,28
478697,18
478711,14
478727,16
478729,2
478739,10
478741,2
478747,6
478763,16
478769,6
478787,18
478801,14
478811,10
478813,2
478823,10
478831,8
478843,12
478853,10
478861,8
478871,10
478879,8
478897,18
478901,4
478913,12
478927,14
478931,4
478937,6
478943,6
478963,20
478967,4
478991,24
478999,8
479023,24
479027,4
479029,2
479041,12
479081,40
479131,50
479137,6
479147,10
479153,6
479189,36
479191,2
479201,10
479209,8
479221,12
479231,10
479239,8
479243,4
479263,20
479267,4
479287,20
479299,12
479309,10
479317,8
479327,10
479357,30
479371,14
479377,6
479387,10
479419,32
479429,10
479431,2
479441,10
479461,20
479473,12
479489,16
479497,8
479509,12
479513,4
479533,20
479543,10
479561,18
479569,8
479581,12
479593,12
479599,6
479623,24
479629,6
479639,10
479701,62
479749,48
479753,4
479761,8
479771,10
479777,6
479783,6
479797,14
479813,16
479821,8
479833,12
479839,6
479861,22
479879,18
479881,2
479891,10
479903,12
479909,6
479939,30
479951,12
479953,2
479957,4
479971,14
480013,42
480017,4
480019,2
480023,4
480043,20
480047,4
480049,2
480059,10
480061,2
480071,10
480091,20
480101,10
480107,6
480113,6
480133,20
480143,10
480157,14
480167,10
480169,2
480203,34
480209,6
480287,78
480299,12
480317,18
480329,12
480341,12
480343,2
480349,6
480367,18
480373,6
480379,6
480383,4
480391,8
480409,18
480419,10
480427,8
480449,22
480451,2
480461,10
480463,2
480499,36
480503,4
480509,6
480517,8
480521,4
480527,6
480533,6
480541,8
480553,12
480563,10
480569,6
480583,14
480587,4
480647,60
480661,14
480707,46
480713,6
480731,18
480737,6
480749,12
480761,12
480773,12
480787,14
480803,16
480827,24
480839,12
480853,14
480881,28
480911,30
480919,8
480929,10
480937,8
480941,4
480959,18
480967,8
480979,12
480989,10
481001,12
481003,2
481009,6
481021,12
481043,22
481051,8
481067,16
481073,6
481087,14
481093,6
481097,4
481109,12
481123,14
481133,10
481141,8
481147,6
481153,6
481157,4
481171,14
481177,6
481181,4
481199,18
481207,8
481211,4
481231,20
481249,18
481297,48
481301,4
481303,2
481307,4
481343,36
481363,20
481373,10
481379,6
481387,8
481409,22
481417,8
481433,16
481447,14
481469,22
481489,20
481501,12
481513,12
481531,18
481549,18
481571,22
481577,6
481589,12
481619,30
481633,14
481639,6
481651,12
481667,16
481673,6
481681,8
481693,12
481697,4
481699,2
481721,22
481751,30
481753,2
481769,16
481787,18
481801,14
481807,6
481813,6
481837,24
481843,6
481847,4
481849,2
481861,12
481867,6
481879,12
481883,4
481909,26
481939,30
481963,24
481997,34
482017,20
482021,4
482029,8
482033,4
482039,6
482051,12
482071,20
482093,22
482099,6
482101,2
482117,16
482123,6
482179,56
482189,10
482203,14
482213,10
482227,14
482231,4
482233,2
482243,10
482263,20
482281,18
482309,28
482323,14
482347,24
482351,4
482359,8
482371,12
482387,16
482393,6
482399,6
482401,2
482407,6
482413,6
482423,10
482437,14
482441,4
482483,42
482501,18
482507,6
482509,2
482513,4
482519,6
482527,8
482539,12
482569,30
482593,24
482597,4
482621,24
482627,6
482633,6
482641,8
482659,18
482663,4
482683,20
482687,4
482689,2
482707,18
482711,4
482717,6
482719,2
482731,12
482743,12
482753,10
482759,6
482767,8
482773,6
482789,16
482803,14
482819,16
482827,8
482837,10
482861,24
482863,2
482873,10
482897,24
482899,2
482917,18
482941,24
482947,6
482957,10
482971,14
483017,46
483031,14
483061,30
483071,10
483097,26
483127,30
483139,12
483163,24
483167,4
483179,12
483209,30
483211,2
483221,10
483229,8
483233,4
483239,6
483247,8
483251,4
483281,30
483289,8
483317,28
483323,6
483337,14
483347,10
483367,20
483377,10
483389,12
483397,8
483407,10
483409,2
483433,24
483443,10
483467,24
483481,14
483491,10
483499,8
483503,4
483523,20
483541,18
483551,10
483557,6
483563,6
483577,14
483611,34
483619,8
483629,10
483643,14
483649,6
483671,22
483697,26
483709,12
483719,10
483727,8
483733,6
483751,18
483757,6
483761,4
483767,6
483773,6
483787,14
483809,22
483811,2
483827,16
483829,2
483839,10
483853,14
483863,10
483869,6
483883,14
483907,24
483929,22
483937,8
483953,16
483971,18
483991,20
484019,28
484027,8
484037,10
484061,24
484067,6
484079,12
484091,12
484111,20
484117,6
484123,6
484129,6
484151,22
484153,2
484171,18
484181,10
484193,12
484201,8
484207,6
484229,22
484243,14
484259,16
484283,24
484301,18
484303,2
484327,24
484339,12
484361,22
484369,8
484373,4
484397,24
484411,14
484417,6
484439,22
484447,8
484457,10
484459,2
484487,28
484489,2
484493,4
484531,38
484543,12
484577,34
484597,20
484607,10
484609,2
484613,4
484621,8
484639,18
484643,4
484691,48
484703,12
484727,24
484733,6
484751,18
484763,12
484769,6
484777,8
484787,10
484829,42
484853,24
484867,14
484927,60
484951,24
484987,36
484999,12
485021,22
485029,8
485041,12
485053,12
485059,6
485063,4
485081,18
485101,20
485113,12
485123,10
485131,8
485137,6
485161,24
485167,6
485171,4
485201,30
485207,6
485209,2
485263,54
485311,48
485347,36
485351,4
485363,12
485371,8
485383,12
485389,6
485411,22
485417,6
485423,6
485437,14
485447,10
485479,32
485497,18
485509,12
485519,10
485543,24
485567,24
485587,20
485593,6
485603,10
485609,6
485647,38
485657,10
485671,14
485689,18
485701,12
485717,16
485729,12
485731,2
485753,22
485777,24
485819,42
485827,8
485831,4
485833,2
485893,60
485899,6
485909,10
485923,14
485941,18
485959,18
485977,18
485993,16
486023,30
486037,14
486041,4
486043,2
486053,10
486061,8
486071,10
486091,20
486103,12
486119,16
486133,14
486139,6
486163,24
486179,16
486181,2
486193,12
486203,10
486221,18
486223,2
486247,24
486281,34
486293,12
486307,14
486313,6
486323,10
486329,6
486331,2
486341,10
486349,8
486377,28
486379,2
486389,10
486391,2
486397,6
486407,10
486433,26
486443,10
486449,6
486481,32
486491,10
486503,12
486509,6
486511,2
486527,16
486539,12
486559,20
486569,10
486583,14
486589,6
486601,12
486617,16
486637,20
486641,4
486643,2
486653,10
486667,14
486671,4
486677,6
486679,2
486683,4
486697,14
486713,16
486721,8
486757,36
486767,10
486769,2
486781,12
486797,16
486817,20
486821,4
486833,12
486839,6
486869,30
486907,38
486923,16
486929,6
486943,14
486947,4
486949,2
486971,22
486977,6
486991,14
487007,16
487013,6
487021,8
487049,28
487051,2
487057,6
487073,16
487079,6
487093,14
487099,6
487111,12
487133,22
487177,44
487183,6
487187,4
487211,24
487213,2
487219,6
487247,28
487261,14
487283,22
487303,20
487307,4
487313,6
487349,36
487363,14
487381,18
487387,6
487391,4
487397,6
487423,26
487427,4
487429,2
487447,18
487457,10
487463,6
487469,6
487471,2
487477,6
487481,4
487489,8
487507,18
487561,54
487589,28
487601,12
487603,2
487607,4
487637,30
487649,12
487651,2
487657,6
487681,24
487691,10
487703,12
487709,6
487717,8
487727,10
487733,6
487741,8
487757,16
487769,12
487783,14
487789,6
487793,4
487811,18
487819,8
487829,10
487831,2
487843,12
487873,30
487889,16
487891,2
487897,6
487933,36
487943,10
487973,30
487979,6
487997,18
488003,6
488009,6
488011,2
488021,10
488051,30
488057,6
488069,12
488119,50
488143,24
488149,6
488153,4
488161,8
488171,10
488197,26
488203,6
488207,4
488209,2
488227,18
488231,4
488233,2
488239,6
488249,10
488261,12
488263,2
488287,24
488303,16
488309,6
488311,2
488317,6
488321,4
488329,8
488333,4
488339,6
488347,8
488353,6
488381,28
488399,18
488401,2
488407,6
488417,10
488419,2
488441,22
488459,18
488473,14
488503,30
488513,10
488539,26
488567,28
488573,6
488603,30
488611,8
488617,6
488627,10
488633,6
488639,6
488641,2
488651,10
488687,36
488689,2
488701,12
488711,10
488717,6
488723,6
488729,6
488743,14
488749,6
488759,10
488779,20
488791,12
488797,6
488821,24
488827,6
488833,6
488861,28
488879,18
488893,14
488897,4
488909,12
488921,12
488947,26
488959,12
488981,22
488993,12
489001,8
489011,10
489019,8
489043,24
489053,10
489061,8
489101,40
489109,8
489113,4
489127,14
489133,6
489157,24
489161,4
489179,18
489191,12
489197,6
489217,20
489239,22
489241,2
489257,16
489263,6
489283,20
489299,16
489329,30
489337,8
489343,6
489361,18
489367,6
489389,22
489407,18
489409,2
489427,18
489431,4
489439,8
489449,10
489457,8
489479,22
489487,8
489493,6
489529,36
489539,10
489551,12
489553,2
489557,4
489571,14
489613,42
489631,18
489653,22
489659,6
489673,14
489677,4
489679,2
489689,10
489691,2
489733,42
489743,10
489761,18
489791,30
489793,2
489799,6
489803,4
489817,14
489823,6
489833,10
489847,14
489851,4
489869,18
489871,2
489887,16
489901,14
489911,10
489913,2
489941,28
489943,2
489959,16
489961,2
489977,16
489989,12
490001,12
490003,2
490019,16
490031,12
490033,2
490057,24
490097,40
490103,6
490111,8
490117,6
490121,4
490151,30
490159,8
490169,10
490183,14
490201,18
490207,6
490223,16
490241,18
490247,6
490249,2
490267,18
490271,4
490277,6
490283,6
490309,26
490313,4
490339,26
490367,28
490393,26
490417,24
490421,4
490453,32
490459,6
490463,4
490481,18
490493,12
490499,6
490519,20
490537,18
490541,4
490543,2
490549,6
490559,10
490571,12
490573,2
490577,4
490579,2
490591,12
490619,28
490627,8
490631,4
490643,12
490661,18
490663,2
490697,34
490733,36
490741,8
490769,28
490771,2
490783,12
490829,46
490837,8
490849,12
490859,10
490877,18
490891,14
490913,22
490921,8
490927,6
490937,10
490949,12
490951,2
490957,6
490967,10
490969,2
490991,22
490993,2
491003,10
491039,36
491041,2
491059,18
491081,22
491083,2
491129,46
491137,8
491149,12
491159,10
491167,8
491171,4
491201,30
491213,12
491219,6
491251,32
491261,10
491273,12
491279,6
491297,18
491299,2
491327,28
491329,2
491333,4
491339,6
491341,2
491353,12
491357,4
491371,14
491377,6
491417,40
491423,6
491429,6
491461,32
491483,22
491489,6
491497,8
491501,4
491503,2
491527,24
491531,4
491537,6
491539,2
491581,42
491591,10
491593,2
491611,18
491627,16
491633,6
491639,6
491651,12
491653,2
491669,16
491677,8
491707,30
491719,12
491731,12
491737,6
491747,10
491773,26
491783,10
491789,6
491797,8
491819,22
491833,14
491837,4
491851,14
491857,6
491867,10
491873,6
491899,26
491923,24
491951,28
491969,18
491977,8
491983,6
492007,24
492013,6
492017,4
492029,12
492047,18
492053,6
492059,6
492061,2
492067,6
492077,10
492083,6
492103,20
492113,10
492227,114
492251,24
492253,2
492257,4
492281,24
492293,12
492299,6
492319,20
492377,58
492389,12
492397,8
492403,6
492409,6
492413,4
492421,8
492431,10
492463,32
492467,4
492487,20
492491,4
492511,20
492523,12
492551,28
492563,12
492587,24
492601,14
492617,16
492619,2
492629,10
492631,2
492641,10
492647,6
492659,12
492671,12
492673,2
492707,34
492719,12
492721,2
492731,10
492757,26
492761,4
492763,2
492769,6
492781,12
492799,18
492839,40
492853,14
492871,18
492883,12
492893,10
492901,8
492911,10
492967,56
492979,12
493001,22
493013,12
493021,8
493027,6
493043,16
493049,6
493067,18
493093,26
493109,16
493111,2
493121,10
493123,2
493127,4
493133,6
493139,6
493147,8
493159,12
493169,10
493177,8
493193,16
493201,8
493211,10
493217,6
493219,2
493231,12
493243,12
493249,6
493277,28
493279,2
493291,12
493301,10
493313,12
493333,20
493351,18
493369,18
493393,24
493397,4
493399,2
493403,4
493433,30
493447,14
493457,10
493463,6
493481,18
493523,42
493531,8
493541,10
493567,26
493573,6
493579,6
493583,4
493607,24
493621,14
493627,6
493643,16
493657,14
493693,36
493709,16
493711,2
493721,10
493729,8
493733,4
493747,14
493777,30
493793,16
493807,14
493811,4
493813,2
493817,4
493853,36
493859,6
493873,14
493877,4
493897,20
493919,22
493931,12
493937,6
493939,2
493967,28
493973,6
493979,6
493993,14
494023,30
494029,6
494041,12
494051,10
494069,18
494077,8
494083,6
494093,10
494101,8
494107,6
494129,22
494141,12
494147,6
494167,20
494191,24
494213,22
494237,24
494251,14
494257,6
494267,10
494269,2
494281,12
494287,6
494317,30
494327,10
494341,14
494353,12
494359,6
494369,10
494381,12
494383,2
494387,4
494407,20
494413,6
494441,28
494443,2
494471,28
494497,26
494519,22
494521,2
494539,18
494561,22
494563,2
494567,4
494587,20
494591,4
494609,18
494617,8
494621,4
494639,18
494647,8
494651,4
494671,20
494677,6
494687,10
494693,6
494699,6
494713,14
494719,6
494723,4
494731,8
494737,6
494743,6
494749,6
494759,10
494761,2
494783,22
494789,6
494803,14
494843,40
494849,6
494873,24
494899,26
494903,4
494917,14
494927,10
494933,6
494939,6
494959,20
494987,28
495017,30
495037,20
495041,4
495043,2
495067,24
495071,4
495109,38
495113,4
495119,6
495133,14
495139,6
495149,10
495151,2
495161,10
495181,20
495199,18
495211,12
495221,10
495241,20
495269,28
495277,8
495289,12
495301,12
495307,6
495323,16
495337,14
495343,6
495347,4
495359,12
495361,2
495371,10
495377,6
495389,12
495401,12
495413,12
495421,8
495433,12
495437,4
495449,12
495457,8
495461,4
495491,30
495511,20
495527,16
495557,30
495559,2
495563,4
495569,6
495571,2
495587,16
495589,2
495611,22
495613,2
495617,4
495619,2
495629,10
495637,8
495647,10
495667,20
495679,12
495701,22
495707,6
495713,6
495749,36
495751,2
495757,6
495769,12
495773,4
495787,14
495791,4
495797,6
495799,2
495821,22
495827,6
495829,2
495851,22
495877,26
495893,16
495899,6
495923,24
495931,8
495947,16
495953,6
495959,6
495967,8
495973,6
495983,10
496007,24
496019,12
496039,20
496051,12
496063,12
496073,10
496079,6
496123,44
496127,4
496163,36
496187,24
496193,6
496211,18
496229,18
496231,2
496259,28
496283,24
496289,6
496291,2
496297,6
496303,6
496313,10
496333,20
496339,6
496343,4
496381,38
496399,18
496427,28
496439,12
496453,14
496459,6
496471,12
496477,6
496481,4
496487,6
496493,6
496499,6
496511,12
496549,38
496579,30
496583,4
496609,26
496631,22
496669,38
496681,12
496687,6
496703,16
496711,8
496733,22
496747,14
496763,16
496789,26
496813,24
496817,4
496841,24
496849,8
496871,22
496877,6
496889,12
496891,2
496897,6
496901,4
496913,12
496919,6
496949,30
496963,14
496997,34
496999,2
497011,12
497017,6
497041,24
497047,6
497051,4
497069,18
497093,24
497111,18
497113,2
497117,4
497137,20
497141,4
497153,12
497171,18
497177,6
497197,20
497239,42
497257,18
497261,4
497269,8
497279,10
497281,2
497291,10
497297,6
497303,6
497309,6
497323,14
497339,16
497351,12
497389,38
497411,22
497417,6
497423,6
497449,26
497461,12
497473,12
497479,6
497491,12
497501,10
497507,6
497509,2
497521,12
497537,16
497551,14
497557,6
497561,4
497579,18
497587,8
497597,10
497603,6
497633,30
497659,26
497663,4
497671,8
497677,6
497689,12
497701,12
497711,10
497719,8
497729,10
497737,8
497741,4
497771,30
497773,2
497801,28
497813,12
497831,18
497839,8
497851,12
497867,16
497869,2
497873,4
497899,26
497929,30
497957,28
497963,6
497969,6
497977,8
497989,12
497993,4
497999,6
498013,14
498053,40
498061,8
498073,12
498089,16
498101,12
498103,2
498119,16
498143,24
498163,20
498167,4
498181,14
498209,28
498227,18
498257,30
498259,2
498271,12
498301,30
498331,30
498343,12
498361,18
498367,6
498391,24
498397,6
498401,4
498403,2
498409,6
498439,30
498461,22
498467,6
498469,2
498493,24
498497,4
498521,24
498523,2
498527,4
498551,24
498557,6
498577,20
498583,6
498599,16
498611,12
498613,2
498643,30
498647,4
498653,6
498679,26
498689,10
498691,2
498733,42
498739,6
498749,10
498761,12
498767,6
498779,12
498781,2
498787,6
498791,4
498803,12
498833,30
498857,24
498859,2
498881,22
498907,26
498923,16
498931,8
498937,6
498947,10
498961,14
498973,12
498977,4
498989,12
499021,32
499027,6
499033,6
499039,6
499063,24
499067,4
499099,32
499117,18
499127,10
499129,2
499133,4
499139,6
499141,2
499151,10
499157,6
499159,2
499181,22
499183,2
499189,6
499211,22
499229,18
499253,24
499267,14
499277,10
499283,6
499309,26
499321,12
499327,6
499349,22
499361,12
499363,2
499391,28
499397,6
499403,6
499423,20
499439,16
499459,20
499481,22
499483,2
499493,10
499507,14
499519,12
499523,4
499549,26
499559,10
499571,12
499591,20
499601,10
499607,6
499621,14
499633,12
499637,4
499649,12
499661,12
499663,2
499669,6
499673,4
499679,6
499687,8
499691,4
499693,2
499711,18
499717,6
499729,12
499739,10
499747,8
499781,34
499787,6
499801,14
499819,18
499853,34
499879,26
499883,4
499897,14
499903,6
499927,24
499943,16
499957,14
499969,12
499973,4
499979,6
