2,0
3,1
5,2
7,2
11,4
13,2
17,4
19,2
23,4
29,6
31,2
37,6
41,4
43,2
47,4
53,6
59,6
61,2
67,6
71,4
73,2
79,6
83,4
89,6
97,8
101,4
103,2
107,4
109,2
113,4
127,14
131,4
137,6
139,2
149,10
151,2
157,6
163,6
167,4
173,6
179,6
181,2
191,10
193,2
197,4
199,2
211,12
223,12
227,4
229,2
233,4
239,6
241,2
251,10
257,6
263,6
269,6
271,2
277,6
281,4
283,2
293,10
307,14
311,4
313,2
317,4
331,14
337,6
347,10
349,2
353,4
359,6
367,8
373,6
379,6
383,4
389,6
397,8
401,4
409,8
419,10
421,2
431,10
433,2
439,6
443,4
449,6
457,8
461,4
463,2
467,4
479,12
487,8
491,4
499,8
503,4
509,6
521,12
523,2
541,18
547,6
557,10
563,6
569,6
571,2
577,6
587,10
593,6
599,6
601,2
607,6
613,6
617,4
619,2
631,12
641,10
643,2
647,4
653,6
659,6
661,2
673,12
677,4
683,6
691,8
701,10
709,8
719,10
727,8
733,6
739,6
743,4
751,8
757,6
761,4
769,8
773,4
787,14
797,10
809,12
811,2
821,10
823,2
827,4
829,2
839,10
853,14
857,4
859,2
863,4
877,14
881,4
883,2
887,4
907,20
911,4
919,8
929,10
937,8
941,4
947,6
953,6
967,14
971,4
977,6
983,6
991,8
997,6
1009,12
1013,4
1019,6
1021,2
1031,10
1033,2
1039,6
1049,10
1051,2
1061,10
1063,2
1069,6
1087,18
1091,4
1093,2
1097,4
1103,6
1109,6
1117,8
1123,6
1129,6
1151,22
1153,2
1163,10
1171,8
1181,10
1187,6
1193,6
1201,8
1213,12
1217,4
1223,6
1229,6
1231,2
1237,6
1249,12
1259,10
1277,18
1279,2
1283,4
1289,6
1291,2
1297,6
1301,4
1303,2
1307,4
1319,12
1321,2
1327,6
1361,34
1367,6
1373,6
1381,8
1399,18
1409,10
1423,14
1427,4
1429,2
1433,4
1439,6
1447,8
1451,4
1453,2
1459,6
1471,12
1481,10
1483,2
1487,4
1489,2
1493,4
1499,6
1511,12
1523,12
1531,8
1543,12
1549,6
1553,4
1559,6
1567,8
1571,4
1579,8
1583,4
1597,14
1601,4
1607,6
1609,2
1613,4
1619,6
1621,2
1627,6
1637,10
1657,20
1663,6
1667,4
1669,2
1693,24
1697,4
1699,2
1709,10
1721,12
1723,2
1733,10
1741,8
1747,6
1753,6
1759,6
1777,18
1783,6
1787,4
1789,2
1801,12
1811,10
1823,12
1831,8
1847,16
1861,14
1867,6
1871,4
1873,2
1877,4
1879,2
1889,10
1901,12
1907,6
1913,6
1931,18
1933,2
1949,16
1951,2
1973,22
1979,6
1987,8
1993,6
1997,4
1999,2
2003,4
2011,8
2017,6
2027,10
2029,2
2039,10
2053,14
2063,10
2069,6
2081,12
2083,2
2087,4
2089,2
2099,10
2111,12
2113,2
2129,16
2131,2
2137,6
2141,4
2143,2
2153,10
2161,8
2179,18
2203,24
2207,4
2213,6
2221,8
2237,16
2239,2
2243,4
2251,8
2267,16
2269,2
2273,4
2281,8
2287,6
2293,6
2297,4
2309,12
2311,2
2333,22
2339,6
2341,2
2347,6
2351,4
2357,6
2371,14
2377,6
2381,4
2383,2
2389,6
2393,4
2399,6
2411,12
2417,6
2423,6
2437,14
2441,4
2447,6
2459,12
2467,8
2473,6
2477,4
2503,26
2521,18
2531,10
2539,8
2543,4
2549,6
2551,2
2557,6
2579,22
2591,12
2593,2
2609,16
2617,8
2621,4
2633,12
2647,14
2657,10
2659,2
2663,4
2671,8
2677,6
2683,6
2687,4
2689,2
2693,4
2699,6
2707,8
2711,4
2713,2
2719,6
2729,10
2731,2
2741,10
2749,8
2753,4
2767,14
2777,10
2789,12
2791,2
2797,6
2801,4
2803,2
2819,16
2833,14
2837,4
2843,6
2851,8
2857,6
2861,4
2879,18
2887,8
2897,10
2903,6
2909,6
2917,8
2927,10
2939,12
2953,14
2957,4
2963,6
2969,6
2971,2
2999,28
3001,2
3011,10
3019,8
3023,4
3037,14
3041,4
3049,8
3061,12
3067,6
3079,12
3083,4
3089,6
3109,20
3119,10
3121,2
3137,16
3163,26
3167,4
3169,2
3181,12
3187,6
3191,4
3203,12
3209,6
3217,8
3221,4
3229,8
3251,22
3253,2
3257,4
3259,2
3271,12
3299,28
3301,2
3307,6
3313,6
3319,6
3323,4
3329,6
3331,2
3343,12
3347,4
3359,12
3361,2
3371,10
3373,2
3389,16
3391,2
3407,16
3413,6
3433,20
3449,16
3457,8
3461,4
3463,2
3467,4
3469,2
3491,22
3499,8
3511,12
3517,6
3527,10
3529,2
3533,4
3539,6
3541,2
3547,6
3557,10
3559,2
3571,12
3581,10
3583,2
3593,10
3607,14
3613,6
3617,4
3623,6
3631,8
3637,6
3643,6
3659,16
3671,12
3673,2
3677,4
3691,14
3697,6
3701,4
3709,8
3719,10
3727,8
3733,6
3739,6
3761,22
3767,6
3769,2
3779,10
3793,14
3797,4
3803,6
3821,18
3823,2
3833,10
3847,14
3851,4
3853,2
3863,10
3877,14
3881,4
3889,8
3907,18
3911,4
3917,6
3919,2
3923,4
3929,6
3931,2
3943,12
3947,4
3967,20
3989,22
4001,12
4003,2
4007,4
4013,6
4019,6
4021,2
4027,6
4049,22
4051,2
4057,6
4073,16
4079,6
4091,12
4093,2
4099,6
4111,12
4127,16
4129,2
4133,4
4139,6
4153,14
4157,4
4159,2
4177,18
4201,24
4211,10
4217,6
4219,2
4229,10
4231,2
4241,10
4243,2
4253,10
4259,6
4261,2
4271,10
4273,2
4283,10
4289,6
4297,8
4327,30
4337,10
4339,2
4349,10
4357,8
4363,6
4373,10
4391,18
4397,6
4409,12
4421,12
4423,2
4441,18
4447,6
4451,4
4457,6
4463,6
4481,18
4483,2
4493,10
4507,14
4513,6
4517,4
4519,2
4523,4
4547,24
4549,2
4561,12
4567,6
4583,16
4591,8
4597,6
4603,6
4621,18
4637,16
4639,2
4643,4
4649,6
4651,2
4657,6
4663,6
4673,10
4679,6
4691,12
4703,12
4721,18
4723,2
4729,6
4733,4
4751,18
4759,8
4783,24
4787,4
4789,2
4793,4
4799,6
4801,2
4813,12
4817,4
4831,14
4861,30
4871,10
4877,6
4889,12
4903,14
4909,6
4919,10
4931,12
4933,2
4937,4
4943,6
4951,8
4957,6
4967,10
4969,2
4973,4
4987,14
4993,6
4999,6
5003,4
5009,6
5011,2
5021,10
5023,2
5039,16
5051,12
5059,8
5077,18
5081,4
5087,6
5099,12
5101,2
5107,6
5113,6
5119,6
5147,28
5153,6
5167,14
5171,4
5179,8
5189,10
5197,8
5209,12
5227,18
5231,4
5233,2
5237,4
5261,24
5273,12
5279,6
5281,2
5297,16
5303,6
5309,6
5323,14
5333,10
5347,14
5351,4
5381,30
5387,6
5393,6
5399,6
5407,8
5413,6
5417,4
5419,2
5431,12
5437,6
5441,4
5443,2
5449,6
5471,22
5477,6
5479,2
5483,4
5501,18
5503,2
5507,4
5519,12
5521,2
5527,6
5531,4
5557,26
5563,6
5569,6
5573,4
5581,8
5591,10
5623,32
5639,16
5641,2
5647,6
5651,4
5653,2
5657,4
5659,2
5669,10
5683,14
5689,6
5693,4
5701,8
5711,10
5717,6
5737,20
5741,4
5743,2
5749,6
5779,30
5783,4
5791,8
5801,10
5807,6
5813,6
5821,8
5827,6
5839,12
5843,4
5849,6
5851,2
5857,6
5861,4
5867,6
5869,2
5879,10
5881,2
5897,16
5903,6
5923,20
5927,4
5939,12
5953,14
5981,28
5987,6
6007,20
6011,4
6029,18
6037,8
6043,6
6047,4
6053,6
6067,14
6073,6
6079,6
6089,10
6091,2
6101,10
6113,12
6121,8
6131,10
6133,2
6143,10
6151,8
6163,12
6173,10
6197,24
6199,2
6203,4
6211,8
6217,6
6221,4
6229,8
6247,18
6257,10
6263,6
6269,6
6271,2
6277,6
6287,10
6299,12
6301,2
6311,10
6317,6
6323,6
6329,6
6337,8
6343,6
6353,10
6359,6
6361,2
6367,6
6373,6
6379,6
6389,10
6397,8
6421,24
6427,6
6449,22
6451,2
6469,18
6473,4
6481,8
6491,10
6521,30
6529,8
6547,18
6551,4
6553,2
6563,10
6569,6
6571,2
6577,6
6581,4
6599,18
6607,8
6619,12
6637,18
6653,16
6659,6
6661,2
6673,12
6679,6
6689,10
6691,2
6701,10
6703,2
6709,6
6719,10
6733,14
6737,4
6761,24
6763,2
6779,16
6781,2
6791,10
6793,2
6803,10
6823,20
6827,4
6829,2
6833,4
6841,8
6857,16
6863,6
6869,6
6871,2
6883,12
6899,16
6907,8
6911,4
6917,6
6947,30
6949,2
6959,10
6961,2
6967,6
6971,4
6977,6
6983,6
6991,8
6997,6
7001,4
7013,12
7019,6
7027,8
7039,12
7043,4
7057,14
7069,12
7079,10
7103,24
7109,6
7121,12
7127,6
7129,2
7151,22
7159,8
7177,18
7187,10
7193,6
7207,14
7211,4
7213,2
7219,6
7229,10
7237,8
7243,6
7247,4
7253,6
7283,30
7297,14
7307,10
7309,2
7321,12
7331,10
7333,2
7349,16
7351,2
7369,18
7393,24
7411,18
7417,6
7433,16
7451,18
7457,6
7459,2
7477,18
7481,4
7487,6
7489,2
7499,10
7507,8
7517,10
7523,6
7529,6
7537,8
7541,4
7547,6
7549,2
7559,10
7561,2
7573,12
7577,4
7583,6
7589,6
7591,2
7603,12
7607,4
7621,14
7639,18
7643,4
7649,6
7669,20
7673,4
7681,8
7687,6
7691,4
7699,8
7703,4
7717,14
7723,6
7727,4
7741,14
7753,12
7757,4
7759,2
7789,30
7793,4
7817,24
7823,6
7829,6
7841,12
7853,12
7867,14
7873,6
7877,4
7879,2
7883,4
7901,18
7907,6
7919,12
7927,8
7933,6
7937,4
7949,12
7951,2
7963,12
7993,30
8009,16
8011,2
8017,6
8039,22
8053,14
8059,6
8069,10
8081,12
8087,6
8089,2
8093,4
8101,8
8111,10
8117,6
8123,6
8147,24
8161,14
8167,6
8171,4
8179,8
8191,12
8209,18
8219,10
8221,2
8231,10
8233,2
8237,4
8243,6
8263,20
8269,6
8273,4
8287,14
8291,4
8293,2
8297,4
8311,14
8317,6
8329,12
8353,24
8363,10
8369,6
8377,8
8387,10
8389,2
8419,30
8423,4
8429,6
8431,2
8443,12
8447,4
8461,14
8467,6
8501,34
8513,12
8521,8
8527,6
8537,10
8539,2
8543,4
8563,20
8573,10
8581,8
8597,16
8599,2
8609,10
8623,14
8627,4
8629,2
8641,12
8647,6
8663,16
8669,6
8677,8
8681,4
8689,8
8693,4
8699,6
8707,8
8713,6
8719,6
8731,12
8737,6
8741,4
8747,6
8753,6
8761,8
8779,18
8783,4
8803,20
8807,4
8819,12
8821,2
8831,10
8837,6
8839,2
8849,10
8861,12
8863,2
8867,4
8887,20
8893,6
8923,30
8929,6
8933,4
8941,8
8951,10
8963,12
8969,6
8971,2
8999,28
9001,2
9007,6
9011,4
9013,2
9029,16
9041,12
9043,2
9049,6
9059,10
9067,8
9091,24
9103,12
9109,6
9127,18
9133,6
9137,4
9151,14
9157,6
9161,4
9173,12
9181,8
9187,6
9199,12
9203,4
9209,6
9221,12
9227,6
9239,12
9241,2
9257,16
9277,20
9281,4
9283,2
9293,10
9311,18
9319,8
9323,4
9337,14
9341,4
9343,2
9349,6
9371,22
9377,6
9391,14
9397,6
9403,6
9413,10
9419,6
9421,2
9431,10
9433,2
9437,4
9439,2
9461,22
9463,2
9467,4
9473,6
9479,6
9491,12
9497,6
9511,14
9521,10
9533,12
9539,6
9547,8
9551,4
9587,36
9601,14
9613,12
9619,6
9623,4
9629,6
9631,2
9643,12
9649,6
9661,12
9677,16
9679,2
9689,10
9697,8
9719,22
9721,2
9733,12
9739,6
9743,4
9749,6
9767,18
9769,2
9781,12
9787,6
9791,4
9803,12
9811,8
9817,6
9829,12
9833,4
9839,6
9851,12
9857,6
9859,2
9871,12
9883,12
9887,4
9901,14
9907,6
9923,16
9929,6
9931,2
9941,10
9949,8
9967,18
9973,6
10007,34
10009,2
10037,28
10039,2
10061,22
10067,6
10069,2
10079,10
10091,12
10093,2
10099,6
10103,4
10111,8
10133,22
10139,6
10141,2
10151,10
10159,8
10163,4
10169,6
10177,8
10181,4
10193,12
10211,18
10223,12
10243,20
10247,4
10253,6
10259,6
10267,8
10271,4
10273,2
10289,16
10301,12
10303,2
10313,10
10321,8
10331,10
10333,2
10337,4
10343,6
10357,14
10369,12
10391,22
10399,8
10427,28
10429,2
10433,4
10453,20
10457,4
10459,2
10463,4
10477,14
10487,10
10499,12
10501,2
10513,12
10529,16
10531,2
10559,28
10567,8
10589,22
10597,8
10601,4
10607,6
10613,6
10627,14
10631,4
10639,8
10651,12
10657,6
10663,6
10667,4
10687,20
10691,4
10709,18
10711,2
10723,12
10729,6
10733,4
10739,6
10753,14
10771,18
10781,10
10789,8
10799,10
10831,32
10837,6
10847,10
10853,6
10859,6
10861,2
10867,6
10883,16
10889,6
10891,2
10903,12
10909,6
10937,28
10939,2
10949,10
10957,8
10973,16
10979,6
10987,8
10993,6
11003,10
11027,24
11047,20
11057,10
11059,2
11069,10
11071,2
11083,12
11087,4
11093,6
11113,20
11117,4
11119,2
11131,12
11149,18
11159,10
11161,2
11171,10
11173,2
11177,4
11197,20
11213,16
11239,26
11243,4
11251,8
11257,6
11261,4
11273,12
11279,6
11287,8
11299,12
11311,12
11317,6
11321,4
11329,8
11351,22
11353,2
11369,16
11383,14
11393,10
11399,6
11411,12
11423,12
11437,14
11443,6
11447,4
11467,20
11471,4
11483,12
11489,6
11491,2
11497,6
11503,6
11519,16
11527,8
11549,22
11551,2
11579,28
11587,8
11593,6
11597,4
11617,20
11621,4
11633,12
11657,24
11677,20
11681,4
11689,8
11699,10
11701,2
11717,16
11719,2
11731,12
11743,12
11777,34
11779,2
11783,4
11789,6
11801,12
11807,6
11813,6
11821,8
11827,6
11831,4
11833,2
11839,6
11863,24
11867,4
11887,20
11897,10
11903,6
11909,6
11923,14
11927,4
11933,6
11939,6
11941,2
11953,12
11959,6
11969,10
11971,2
11981,10
11987,6
12007,20
12011,4
12037,26
12041,4
12043,2
12049,6
12071,22
12073,2
12097,24
12101,4
12107,6
12109,2
12113,4
12119,6
12143,24
12149,6
12157,8
12161,4
12163,2
12197,34
12203,6
12211,8
12227,16
12239,12
12241,2
12251,10
12253,2
12263,10
12269,6
12277,8
12281,4
12289,8
12301,12
12323,22
12329,6
12343,14
12347,4
12373,26
12377,4
12379,2
12391,12
12401,10
12409,8
12413,4
12421,8
12433,12
12437,4
12451,14
12457,6
12473,16
12479,6
12487,8
12491,4
12497,6
12503,6
12511,8
12517,6
12527,10
12539,12
12541,2
12547,6
12553,6
12569,16
12577,8
12583,6
12589,6
12601,12
12611,10
12613,2
12619,6
12637,18
12641,4
12647,6
12653,6
12659,6
12671,12
12689,18
12697,8
12703,6
12713,10
12721,8
12739,18
12743,4
12757,14
12763,6
12781,18
12791,10
12799,8
12809,10
12821,12
12823,2
12829,6
12841,12
12853,12
12889,36
12893,4
12899,6
12907,8
12911,4
12917,6
12919,2
12923,4
12941,18
12953,12
12959,6
12967,8
12973,6
12979,6
12983,4
13001,18
13003,2
13007,4
13009,2
13033,24
13037,4
13043,6
13049,6
13063,14
13093,30
13099,6
13103,4
13109,6
13121,12
13127,6
13147,20
13151,4
13159,8
13163,4
13171,8
13177,6
13183,6
13187,4
13217,30
13219,2
13229,10
13241,12
13249,8
13259,10
13267,8
13291,24
13297,6
13309,12
13313,4
13327,14
13331,4
13337,6
13339,2
13367,28
13381,14
13397,16
13399,2
13411,12
13417,6
13421,4
13441,20
13451,10
13457,6
13463,6
13469,6
13477,8
13487,10
13499,12
13513,14
13523,10
13537,14
13553,16
13567,14
13577,10
13591,14
13597,6
13613,16
13619,6
13627,8
13633,6
13649,16
13669,20
13679,10
13681,2
13687,6
13691,4
13693,2
13697,4
13709,12
13711,2
13721,10
13723,2
13729,6
13751,22
13757,6
13759,2
13763,4
13781,18
13789,8
13799,10
13807,8
13829,22
13831,2
13841,10
13859,18
13873,14
13877,4
13879,2
13883,4
13901,18
13903,2
13907,4
13913,6
13921,8
13931,10
13933,2
13963,30
13967,4
13997,30
13999,2
14009,10
14011,2
14029,18
14033,4
14051,18
14057,6
14071,14
14081,10
14083,2
14087,4
14107,20
14143,36
14149,6
14153,4
14159,6
14173,14
14177,4
14197,20
14207,10
14221,14
14243,22
14249,6
14251,2
14281,30
14293,12
14303,10
14321,18
14323,2
14327,4
14341,14
14347,6
14369,22
14387,18
14389,2
14401,12
14407,6
14411,4
14419,8
14423,4
14431,8
14437,6
14447,10
14449,2
14461,12
14479,18
14489,10
14503,14
14519,16
14533,14
14537,4
14543,6
14549,6
14551,2
14557,6
14561,4
14563,2
14591,28
14593,2
14621,28
14627,6
14629,2
14633,4
14639,6
14653,14
14657,4
14669,12
14683,14
14699,16
14713,14
14717,4
14723,6
14731,8
14737,6
14741,4
14747,6
14753,6
14759,6
14767,8
14771,4
14779,8
14783,4
14797,14
14813,16
14821,8
14827,6
14831,4
14843,12
14851,8
14867,16
14869,2
14879,10
14887,8
14891,4
14897,6
14923,26
14929,6
14939,10
14947,8
14951,4
14957,6
14969,12
14983,14
15013,30
15017,4
15031,14
15053,22
15061,8
15073,12
15077,4
15083,6
15091,8
15101,10
15107,6
15121,14
15131,10
15137,6
15139,2
15149,10
15161,12
15173,12
15187,14
15193,6
15199,6
15217,18
15227,10
15233,6
15241,8
15259,18
15263,4
15269,6
15271,2
15277,6
15287,10
15289,2
15299,10
15307,8
15313,6
15319,6
15329,10
15331,2
15349,18
15359,10
15361,2
15373,12
15377,4
15383,6
15391,8
15401,10
15413,12
15427,14
15439,12
15443,4
15451,8
15461,10
15467,6
15473,6
15493,20
15497,4
15511,14
15527,16
15541,14
15551,10
15559,8
15569,10
15581,12
15583,2
15601,18
15607,6
15619,12
15629,10
15641,12
15643,2
15647,4
15649,2
15661,12
15667,6
15671,4
15679,8
15683,4
15727,44
15731,4
15733,2
15737,4
15739,2
15749,10
15761,12
15767,6
15773,6
15787,14
15791,4
15797,6
15803,6
15809,6
15817,8
15823,6
15859,36
15877,18
15881,4
15887,6
15889,2
15901,12
15907,6
15913,6
15919,6
15923,4
15937,14
15959,22
15971,12
15973,2
15991,18
16001,10
16007,6
16033,26
16057,24
16061,4
16063,2
16067,4
16069,2
16073,4
16087,14
16091,4
16097,6
16103,6
16111,8
16127,16
16139,12
16141,2
16183,42
16187,4
16189,2
16193,4
16217,24
16223,6
16229,6
16231,2
16249,18
16253,4
16267,14
16273,6
16301,28
16319,18
16333,14
16339,6
16349,10
16361,12
16363,2
16369,6
16381,12
16411,30
16417,6
16421,4
16427,6
16433,6
16447,14
16451,4
16453,2
16477,24
16481,4
16487,6
16493,6
16519,26
16529,10
16547,18
16553,6
16561,8
16567,6
16573,6
16603,30
16607,4
16619,12
16631,12
16633,2
16649,16
16651,2
16657,6
16661,4
16673,12
16691,18
16693,2
16699,6
16703,4
16729,26
16741,12
16747,6
16759,12
16763,4
16787,24
16811,24
16823,12
16829,6
16831,2
16843,12
16871,28
16879,8
16883,4
16889,6
16901,12
16903,2
16921,18
16927,6
16931,4
16937,6
16943,6
16963,20
16979,16
16981,2
16987,6
16993,6
17011,18
17021,10
17027,6
17029,2
17033,4
17041,8
17047,6
17053,6
17077,24
17093,16
17099,6
17107,8
17117,10
17123,6
17137,14
17159,22
17167,8
17183,16
17189,6
17191,2
17203,12
17207,4
17209,2
17231,22
17239,8
17257,18
17291,34
17293,2
17299,6
17317,18
17321,4
17327,6
17333,6
17341,8
17351,10
17359,8
17377,18
17383,6
17387,4
17389,2
17393,4
17401,8
17417,16
17419,2
17431,12
17443,12
17449,6
17467,18
17471,4
17477,6
17483,6
17489,6
17491,2
17497,6
17509,12
17519,10
17539,20
17551,12
17569,18
17573,4
17579,6
17581,2
17597,16
17599,2
17609,10
17623,14
17627,4
17657,30
17659,2
17669,10
17681,12
17683,2
17707,24
17713,6
17729,16
17737,8
17747,10
17749,2
17761,12
17783,22
17789,6
17791,2
17807,16
17827,20
17837,10
17839,2
17851,12
17863,12
17881,18
17891,10
17903,12
17909,6
17911,2
17921,10
17923,2
17929,6
17939,10
17957,18
17959,2
17971,12
17977,6
17981,4
17987,6
17989,2
18013,24
18041,28
18043,2
18047,4
18049,2
18059,10
18061,2
18077,16
18089,12
18097,8
18119,22
18121,2
18127,6
18131,4
18133,2
18143,10
18149,6
18169,20
18181,12
18191,10
18199,8
18211,12
18217,6
18223,6
18229,6
18233,4
18251,18
18253,2
18257,4
18269,12
18287,18
18289,2
18301,12
18307,6
18311,4
18313,2
18329,16
18341,12
18353,12
18367,14
18371,4
18379,8
18397,18
18401,4
18413,12
18427,14
18433,6
18439,6
18443,4
18451,8
18457,6
18461,4
18481,20
18493,12
18503,10
18517,14
18521,4
18523,2
18539,16
18541,2
18553,12
18583,30
18587,4
18593,6
18617,24
18637,20
18661,24
18671,10
18679,8
18691,12
18701,10
18713,12
18719,6
18731,12
18743,12
18749,6
18757,8
18773,16
18787,14
18793,6
18797,4
18803,6
18839,36
18859,20
18869,10
18899,30
18911,12
18913,2
18917,4
18919,2
18947,28
18959,12
18973,14
18979,6
19001,22
19009,8
19013,4
19031,18
19037,6
19051,14
19069,18
19073,4
19079,6
19081,2
19087,6
19121,34
19139,18
19141,2
19157,16
19163,6
19181,18
19183,2
19207,24
19211,4
19213,2
19219,6
19231,12
19237,6
19249,12
19259,10
19267,8
19273,6
19289,16
19301,12
19309,8
19319,10
19333,14
19373,40
19379,6
19381,2
19387,6
19391,4
19403,12
19417,14
19421,4
19423,2
19427,4
19429,2
19433,4
19441,8
19447,6
19457,10
19463,6
19469,6
19471,2
19477,6
19483,6
19489,6
19501,12
19507,6
19531,24
19541,10
19543,2
19553,10
19559,6
19571,12
19577,6
19583,6
19597,14
19603,6
19609,6
19661,52
19681,20
19687,6
19697,10
19699,2
19709,10
19717,8
19727,10
19739,12
19751,12
19753,2
19759,6
19763,4
19777,14
19793,16
19801,8
19813,12
19819,6
19841,22
19843,2
19853,10
19861,8
19867,6
19889,22
19891,2
19913,22
19919,6
19927,8
19937,10
19949,12
19961,12
19963,2
19973,10
19979,6
19991,12
19993,2
19997,4
20011,14
20021,10
20023,2
20029,6
20047,18
20051,4
20063,12
20071,8
20089,18
20101,12
20107,6
20113,6
20117,4
20123,6
20129,6
20143,14
20147,4
20149,2
20161,12
20173,12
20177,4
20183,6
20201,18
20219,18
20231,12
20233,2
20249,16
20261,12
20269,8
20287,18
20297,10
20323,26
20327,4
20333,6
20341,8
20347,6
20353,6
20357,4
20359,2
20369,10
20389,20
20393,4
20399,6
20407,8
20411,4
20431,20
20441,10
20443,2
20477,34
20479,2
20483,4
20507,24
20509,2
20521,12
20533,12
20543,10
20549,6
20551,2
20563,12
20593,30
20599,6
20611,12
20627,16
20639,12
20641,2
20663,22
20681,18
20693,12
20707,14
20717,10
20719,2
20731,12
20743,12
20747,4
20749,2
20753,4
20759,6
20771,12
20773,2
20789,16
20807,18
20809,2
20849,40
20857,8
20873,16
20879,6
20887,8
20897,10
20899,2
20903,4
20921,18
20929,8
20939,10
20947,8
20959,12
20963,4
20981,18
20983,2
21001,18
21011,10
21013,2
21017,4
21019,2
21023,4
21031,8
21059,28
21061,2
21067,6
21089,22
21101,12
21107,6
21121,14
21139,18
21143,4
21149,6
21157,8
21163,6
21169,6
21179,10
21187,8
21191,4
21193,2
21211,18
21221,10
21227,6
21247,20
21269,22
21277,8
21283,6
21313,30
21317,4
21319,2
21323,4
21341,18
21347,6
21377,30
21379,2
21383,4
21391,8
21397,6
21401,4
21407,6
21419,12
21433,14
21467,34
21481,14
21487,6
21491,4
21493,2
21499,6
21503,4
21517,14
21521,4
21523,2
21529,6
21557,28
21559,2
21563,4
21569,6
21577,8
21587,10
21589,2
21599,10
21601,2
21611,10
21613,2
21617,4
21647,30
21649,2
21661,12
21673,12
21683,10
21701,18
21713,12
21727,14
21737,10
21739,2
21751,12
21757,6
21767,10
21773,6
21787,14
21799,12
21803,4
21817,14
21821,4
21839,18
21841,2
21851,10
21859,8
21863,4
21871,8
21881,10
21893,12
21911,18
21929,18
21937,8
21943,6
21961,18
21977,16
21991,14
21997,6
22003,6
22013,10
22027,14
22031,4
22037,6
22039,2
22051,12
22063,12
22067,4
22073,6
22079,6
22091,12
22093,2
22109,16
22111,2
22123,12
22129,6
22133,4
22147,14
22153,6
22157,4
22159,2
22171,12
22189,18
22193,4
22229,36
22247,18
22259,12
22271,12
22273,2
22277,4
22279,2
22283,4
22291,8
22303,12
22307,4
22343,36
22349,6
22367,18
22369,2
22381,12
22391,10
22397,6
22409,12
22433,24
22441,8
22447,6
22453,6
22469,16
22481,12
22483,2
22501,18
22511,10
22531,20
22541,10
22543,2
22549,6
22567,18
22571,4
22573,2
22613,40
22619,6
22621,2
22637,16
22639,2
22643,4
22651,8
22669,18
22679,10
22691,12
22697,6
22699,2
22709,10
22717,8
22721,4
22727,6
22739,12
22741,2
22751,10
22769,18
22777,8
22783,6
22787,4
22807,20
22811,4
22817,6
22853,36
22859,6
22861,2
22871,10
22877,6
22901,24
22907,6
22921,14
22937,16
22943,6
22961,18
22963,2
22973,10
22993,20
23003,10
23011,8
23017,6
23021,4
23027,6
23029,2
23039,10
23041,2
23053,12
23057,4
23059,2
23063,4
23071,8
23081,10
23087,6
23099,12
23117,18
23131,14
23143,12
23159,16
23167,8
23173,6
23189,16
23197,8
23201,4
23203,2
23209,6
23227,18
23251,24
23269,18
23279,10
23291,12
23293,2
23297,4
23311,14
23321,10
23327,6
23333,6
23339,6
23357,18
23369,12
23371,2
23399,28
23417,18
23431,14
23447,16
23459,12
23473,14
23497,24
23509,12
23531,22
23537,6
23539,2
23549,10
23557,8
23561,4
23563,2
23567,4
23581,14
23593,12
23599,6
23603,4
23609,6
23623,14
23627,4
23629,2
23633,4
23663,30
23669,6
23671,2
23677,6
23687,10
23689,2
23719,30
23741,22
23743,2
23747,4
23753,6
23761,8
23767,6
23773,6
23789,16
23801,12
23813,12
23819,6
23827,8
23831,4
23833,2
23857,24
23869,12
23873,4
23879,6
23887,8
23893,6
23899,6
23909,10
23911,2
23917,6
23929,12
23957,28
23971,14
23977,6
23981,4
23993,12
24001,8
24007,6
24019,12
24023,4
24029,6
24043,14
24049,6
24061,12
24071,10
24077,6
24083,6
24091,8
24097,6
24103,6
24107,4
24109,2
24113,4
24121,8
24133,12
24137,4
24151,14
24169,18
24179,10
24181,2
24197,16
24203,6
24223,20
24229,6
24239,10
24247,8
24251,4
24281,30
24317,36
24329,12
24337,8
24359,22
24371,12
24373,2
24379,6
24391,12
24407,16
24413,6
24419,6
24421,2
24439,18
24443,4
24469,26
24473,4
24481,8
24499,18
24509,10
24517,8
24527,10
24533,6
24547,14
24551,4
24571,20
24593,22
24611,18
24623,12
24631,8
24659,28
24671,12
24677,6
24683,6
24691,8
24697,6
24709,12
24733,24
24749,16
24763,14
24767,4
24781,14
24793,12
24799,6
24809,10
24821,12
24841,20
24847,6
24851,4
24859,8
24877,18
24889,12
24907,18
24917,10
24919,2
24923,4
24943,20
24953,10
24967,14
24971,4
24977,6
24979,2
24989,10
25013,24
25031,18
25033,2
25037,4
25057,20
25073,16
25087,14
25097,10
25111,14
25117,6
25121,4
25127,6
25147,20
25153,6
25163,10
25169,6
25171,2
25183,12
25189,6
25219,30
25229,10
25237,8
25243,6
25247,4
25253,6
25261,8
25301,40
25303,2
25307,4
25309,2
25321,12
25339,18
25343,4
25349,6
25357,8
25367,10
25373,6
25391,18
25409,18
25411,2
25423,12
25439,16
25447,8
25453,6
25457,4
25463,6
25469,6
25471,2
25523,52
25537,14
25541,4
25561,20
25577,16
25579,2
25583,4
25589,6
25601,12
25603,2
25609,6
25621,12
25633,12
25639,6
25643,4
25657,14
25667,10
25673,6
25679,6
25693,14
25703,10
25717,14
25733,16
25741,8
25747,6
25759,12
25763,4
25771,8
25793,22
25799,6
25801,2
25819,18
25841,22
25847,6
25849,2
25867,18
25873,6
25889,16
25903,14
25913,10
25919,6
25931,12
25933,2
25939,6
25943,4
25951,8
25969,18
25981,12
25997,16
25999,2
26003,4
26017,14
26021,4
26029,8
26041,12
26053,12
26083,30
26099,16
26107,8
26111,4
26113,2
26119,6
26141,22
26153,12
26161,8
26171,10
26177,6
26183,6
26189,6
26203,14
26209,6
26227,18
26237,10
26249,12
26251,2
26261,10
26263,2
26267,4
26293,26
26297,4
26309,12
26317,8
26321,4
26339,18
26347,8
26357,10
26371,14
26387,16
26393,6
26399,6
26407,8
26417,10
26423,6
26431,8
26437,6
26449,12
26459,10
26479,20
26489,10
26497,8
26501,4
26513,12
26539,26
26557,18
26561,4
26573,12
26591,18
26597,6
26627,30
26633,6
26641,8
26647,6
26669,22
26681,12
26683,2
26687,4
26693,6
26699,6
26701,2
26711,10
26713,2
26717,4
26723,6
26729,6
26731,2
26737,6
26759,22
26777,18
26783,6
26801,18
26813,12
26821,8
26833,12
26839,6
26849,10
26861,12
26863,2
26879,16
26881,2
26891,10
26893,2
26903,10
26921,18
26927,6
26947,20
26951,4
26953,2
26959,6
26981,22
26987,6
26993,6
27011,18
27017,6
27031,14
27043,12
27059,16
27061,2
27067,6
27073,6
27077,4
27091,14
27103,12
27107,4
27109,2
27127,18
27143,16
27179,36
27191,12
27197,6
27211,14
27239,28
27241,2
27253,12
27259,6
27271,12
27277,6
27281,4
27283,2
27299,16
27329,30
27337,8
27361,24
27367,6
27397,30
27407,10
27409,2
27427,18
27431,4
27437,6
27449,12
27457,8
27479,22
27481,2
27487,6
27509,22
27527,18
27529,2
27539,10
27541,2
27551,10
27581,30
27583,2
27611,28
27617,6
27631,14
27647,16
27653,6
27673,20
27689,16
27691,2
27697,6
27701,4
27733,32
27737,4
27739,2
27743,4
27749,6
27751,2
27763,12
27767,4
27773,6
27779,6
27791,12
27793,2
27799,6
27803,4
27809,6
27817,8
27823,6
27827,4
27847,20
27851,4
27883,32
27893,10
27901,8
27917,16
27919,2
27941,22
27943,2
27947,4
27953,6
27961,8
27967,6
27983,16
27997,14
28001,4
28019,18
28027,8
28031,4
28051,20
28057,6
28069,12
28081,12
28087,6
28097,10
28099,2
28109,10
28111,2
28123,12
28151,28
28163,12
28181,18
28183,2
28201,18
28211,10
28219,8
28229,10
28277,48
28279,2
28283,4
28289,6
28297,8
28307,10
28309,2
28319,10
28349,30
28351,2
28387,36
28393,6
28403,10
28409,6
28411,2
28429,18
28433,4
28439,6
28447,8
28463,16
28477,14
28493,16
28499,6
28513,14
28517,4
28537,20
28541,4
28547,6
28549,2
28559,10
28571,12
28573,2
28579,6
28591,12
28597,6
28603,6
28607,4
28619,12
28621,2
28627,6
28631,4
28643,12
28649,6
28657,8
28661,4
28663,2
28669,6
28687,18
28697,10
28703,6
28711,8
28723,12
28729,6
28751,22
28753,2
28759,6
28771,12
28789,18
28793,4
28807,14
28813,6
28817,4
28837,20
28843,6
28859,16
28867,8
28871,4
28879,8
28901,22
28909,8
28921,12
28927,6
28933,6
28949,16
28961,12
28979,18
29009,30
29017,8
29021,4
29023,2
29027,4
29033,6
29059,26
29063,4
29077,14
29101,24
29123,22
29129,6
29131,2
29137,6
29147,10
29153,6
29167,14
29173,6
29179,6
29191,12
29201,10
29207,6
29209,2
29221,12
29231,10
29243,12
29251,8
29269,18
29287,18
29297,10
29303,6
29311,8
29327,16
29333,6
29339,6
29347,8
29363,16
29383,20
29387,4
29389,2
29399,10
29401,2
29411,10
29423,12
29429,6
29437,8
29443,6
29453,10
29473,20
29483,10
29501,18
29527,26
29531,4
29537,6
29567,30
29569,2
29573,4
29581,8
29587,6
29599,12
29611,12
29629,18
29633,4
29641,8
29663,22
29669,6
29671,2
29683,12
29717,34
29723,6
29741,18
29753,12
29759,6
29761,2
29789,28
29803,14
29819,16
29833,14
29837,4
29851,14
29863,12
29867,4
29873,6
29879,6
29881,2
29917,36
29921,4
29927,6
29947,20
29959,12
29983,24
29989,6
30011,22
30013,2
30029,16
30047,18
30059,12
30071,12
30089,18
30091,2
30097,6
30103,6
30109,6
30113,4
30119,6
30133,14
30137,4
30139,2
30161,22
30169,8
30181,12
30187,6
30197,10
30203,6
30211,8
30223,12
30241,18
30253,12
30259,6
30269,10
30271,2
30293,22
30307,14
30313,6
30319,6
30323,4
30341,18
30347,6
30367,20
30389,22
30391,2
30403,12
30427,24
30431,4
30449,18
30467,18
30469,2
30491,22
30493,2
30497,4
30509,12
30517,8
30529,12
30539,10
30553,14
30557,4
30559,2
30577,18
30593,16
30631,38
30637,6
30643,6
30649,6
30661,12
30671,10
30677,6
30689,12
30697,8
30703,6
30707,4
30713,6
30727,14
30757,30
30763,6
30773,10
30781,8
30803,22
30809,6
30817,8
30829,12
30839,10
30841,2
30851,10
30853,2
30859,6
30869,10
30871,2
30881,10
30893,12
30911,18
30931,20
30937,6
30941,4
30949,8
30971,22
30977,6
30983,6
31013,30
31019,6
31033,14
31039,6
31051,12
31063,12
31069,6
31079,10
31081,2
31091,10
31121,30
31123,2
31139,16
31147,8
31151,4
31153,2
31159,6
31177,18
31181,4
31183,2
31189,6
31193,4
31219,26
31223,4
31231,8
31237,6
31247,10
31249,2
31253,4
31259,6
31267,8
31271,4
31277,6
31307,30
31319,12
31321,2
31327,6
31333,6
31337,4
31357,20
31379,22
31387,8
31391,4
31393,2
31397,4
31469,72
31477,8
31481,4
31489,8
31511,22
31513,2
31517,4
31531,14
31541,10
31543,2
31547,4
31567,20
31573,6
31583,10
31601,18
31607,6
31627,20
31643,16
31649,6
31657,8
31663,6
31667,4
31687,20
31699,12
31721,22
31723,2
31727,4
31729,2
31741,12
31751,10
31769,18
31771,2
31793,22
31799,6
31817,18
31847,30
31849,2
31859,10
31873,14
31883,10
31891,8
31907,16
31957,50
31963,6
31973,10
31981,8
31991,10
32003,12
32009,6
32027,18
32029,2
32051,22
32057,6
32059,2
32063,4
32069,6
32077,8
32083,6
32089,6
32099,10
32117,18
32119,2
32141,22
32143,2
32159,16
32173,14
32183,10
32189,6
32191,2
32203,12
32213,10
32233,20
32237,4
32251,14
32257,6
32261,4
32297,36
32299,2
32303,4
32309,6
32321,12
32323,2
32327,4
32341,14
32353,12
32359,6
32363,4
32369,6
32371,2
32377,6
32381,4
32401,20
32411,10
32413,2
32423,10
32429,6
32441,12
32443,2
32467,24
32479,12
32491,12
32497,6
32503,6
32507,4
32531,24
32533,2
32537,4
32561,24
32563,2
32569,6
32573,4
32579,6
32587,8
32603,16
32609,6
32611,2
32621,10
32633,12
32647,14
32653,6
32687,34
32693,6
32707,14
32713,6
32717,4
32719,2
32749,30
32771,22
32779,8
32783,4
32789,6
32797,8
32801,4
32803,2
32831,28
32833,2
32839,6
32843,4
32869,26
32887,18
32909,22
32911,2
32917,6
32933,16
32939,6
32941,2
32957,16
32969,12
32971,2
32983,12
32987,4
32993,6
32999,6
33013,14
33023,10
33029,6
33037,8
33049,12
33053,4
33071,18
33073,2
33083,10
33091,8
33107,16
33113,6
33119,6
33149,30
33151,2
33161,10
33179,18
33181,2
33191,10
33199,8
33203,4
33211,8
33223,12
33247,24
33287,40
33289,2
33301,12
33311,10
33317,6
33329,12
33331,2
33343,12
33347,4
33349,2
33353,4
33359,6
33377,18
33391,14
33403,12
33409,6
33413,4
33427,14
33457,30
33461,4
33469,8
33479,10
33487,8
33493,6
33503,10
33521,18
33529,8
33533,4
33547,14
33563,16
33569,6
33577,8
33581,4
33587,6
33589,2
33599,10
33601,2
33613,12
33617,4
33619,2
33623,4
33629,6
33637,8
33641,4
33647,6
33679,32
33703,24
33713,10
33721,8
33739,18
33749,10
33751,2
33757,6
33767,10
33769,2
33773,4
33791,18
33797,6
33809,12
33811,2
33827,16
33829,2
33851,22
33857,6
33863,6
33871,8
33889,18
33893,4
33911,18
33923,12
33931,8
33937,6
33941,4
33961,20
33967,6
33997,30
34019,22
34031,12
34033,2
34039,6
34057,18
34061,4
34123,62
34127,4
34129,2
34141,12
34147,6
34157,10
34159,2
34171,12
34183,12
34211,28
34213,2
34217,4
34231,14
34253,22
34259,6
34261,2
34267,6
34273,6
34283,10
34297,14
34301,4
34303,2
34313,10
34319,6
34327,8
34337,10
34351,14
34361,10
34367,6
34369,2
34381,12
34403,22
34421,18
34429,8
34439,10
34457,18
34469,12
34471,2
34483,12
34487,4
34499,12
34501,2
34511,10
34513,2
34519,6
34537,18
34543,6
34549,6
34583,34
34589,6
34591,2
34603,12
34607,4
34613,6
34631,18
34649,18
34651,2
34667,16
34673,6
34679,6
34687,8
34693,6
34703,10
34721,18
34729,8
34739,10
34747,8
34757,10
34759,2
34763,4
34781,18
34807,26
34819,12
34841,22
34843,2
34847,4
34849,2
34871,22
34877,6
34883,6
34897,14
34913,16
34919,6
34939,20
34949,10
34961,12
34963,2
34981,18
35023,42
35027,4
35051,24
35053,2
35059,6
35069,10
35081,12
35083,2
35089,6
35099,10
35107,8
35111,4
35117,6
35129,12
35141,12
35149,8
35153,4
35159,6
35171,12
35201,30
35221,20
35227,6
35251,24
35257,6
35267,10
35279,12
35281,2
35291,10
35311,20
35317,6
35323,6
35327,4
35339,12
35353,14
35363,10
35381,18
35393,12
35401,8
35407,6
35419,12
35423,4
35437,14
35447,10
35449,2
35461,12
35491,30
35507,16
35509,2
35521,12
35527,6
35531,4
35533,2
35537,4
35543,6
35569,26
35573,4
35591,18
35593,2
35597,4
35603,6
35617,14
35671,54
35677,6
35729,52
35731,2
35747,16
35753,6
35759,6
35771,12
35797,26
35801,4
35803,2
35809,6
35831,22
35837,6
35839,2
35851,12
35863,12
35869,6
35879,10
35897,18
35899,2
35911,12
35923,12
35933,10
35951,18
35963,12
35969,6
35977,8
35983,6
35993,10
35999,6
36007,8
36011,4
36013,2
36017,4
36037,20
36061,24
36067,6
36073,6
36083,10
36097,14
36107,10
36109,2
36131,22
36137,6
36151,14
36161,10
36187,26
36191,4
36209,18
36217,8
36229,12
36241,12
36251,10
36263,12
36269,6
36277,8
36293,16
36299,6
36307,8
36313,6
36319,6
36341,22
36343,2
36353,10
36373,20
36383,10
36389,6
36433,44
36451,18
36457,6
36467,10
36469,2
36473,4
36479,6
36493,14
36497,4
36523,26
36527,4
36529,2
36541,12
36551,10
36559,8
36563,4
36571,8
36583,12
36587,4
36599,12
36607,8
36629,22
36637,8
36643,6
36653,10
36671,18
36677,6
36683,6
36691,8
36697,6
36709,12
36713,4
36721,8
36739,18
36749,10
36761,12
36767,6
36779,12
36781,2
36787,6
36791,4
36793,2
36809,16
36821,12
36833,12
36847,14
36857,10
36871,14
36877,6
36887,10
36899,12
36901,2
36913,12
36919,6
36923,4
36929,6
36931,2
36943,12
36947,4
36973,26
36979,6
36997,18
37003,6
37013,10
37019,6
37021,2
37039,18
37049,10
37057,8
37061,4
37087,26
37097,10
37117,20
37123,6
37139,16
37159,20
37171,12
37181,10
37189,8
37199,10
37201,2
37217,16
37223,6
37243,20
37253,10
37273,20
37277,4
37307,30
37309,2
37313,4
37321,8
37337,16
37339,2
37357,18
37361,4
37363,2
37369,6
37379,10
37397,18
37409,12
37423,14
37441,18
37447,6
37463,16
37483,20
37489,6
37493,4
37501,8
37507,6
37511,4
37517,6
37529,12
37537,8
37547,10
37549,2
37561,12
37567,6
37571,4
37573,2
37579,6
37589,10
37591,2
37607,16
37619,12
37633,14
37643,10
37649,6
37657,8
37663,6
37691,28
37693,2
37699,6
37717,18
37747,30
37781,34
37783,2
37799,16
37811,12
37813,2
37831,18
37847,16
37853,6
37861,8
37871,10
37879,8
37889,10
37897,8
37907,10
37951,44
37957,6
37963,6
37967,4
37987,20
37991,4
37993,2
37997,4
38011,14
38039,28
38047,8
38053,6
38069,16
38083,14
38113,30
38119,6
38149,30
38153,4
38167,14
38177,10
38183,6
38189,6
38197,8
38201,4
38219,18
38231,12
38237,6
38239,2
38261,22
38273,12
38281,8
38287,6
38299,12
38303,4
38317,14
38321,4
38327,6
38329,2
38333,4
38351,18
38371,20
38377,6
38393,16
38431,38
38447,16
38449,2
38453,4
38459,6
38461,2
38501,40
38543,42
38557,14
38561,4
38567,6
38569,2
38593,24
38603,10
38609,6
38611,2
38629,18
38639,10
38651,12
38653,2
38669,16
38671,2
38677,6
38693,16
38699,6
38707,8
38711,4
38713,2
38723,10
38729,6
38737,8
38747,10
38749,2
38767,18
38783,16
38791,8
38803,12
38821,18
38833,12
38839,6
38851,12
38861,10
38867,6
38873,6
38891,18
38903,12
38917,14
38921,4
38923,2
38933,10
38953,20
38959,6
38971,12
38977,6
38993,16
39019,26
39023,4
39041,18
39043,2
39047,4
39079,32
39089,10
39097,8
39103,6
39107,4
39113,6
39119,6
39133,14
39139,6
39157,18
39161,4
39163,2
39181,18
39191,10
39199,8
39209,10
39217,8
39227,10
39229,2
39233,4
39239,6
39241,2
39251,10
39293,42
39301,8
39313,12
39317,4
39323,6
39341,18
39343,2
39359,16
39367,8
39371,4
39373,2
39383,10
39397,14
39409,12
39419,10
39439,20
39443,4
39451,8
39461,10
39499,38
39503,4
39509,6
39511,2
39521,10
39541,20
39551,10
39563,12
39569,6
39581,12
39607,26
39619,12
39623,4
39631,8
39659,28
39667,8
39671,4
39679,8
39703,24
39709,6
39719,10
39727,8
39733,6
39749,16
39761,12
39769,8
39779,10
39791,12
39799,8
39821,22
39827,6
39829,2
39839,10
39841,2
39847,6
39857,10
39863,6
39869,6
39877,8
39883,6
39887,4
39901,14
39929,28
39937,8
39953,16
39971,18
39979,8
39983,4
39989,6
40009,20
40013,4
40031,18
40037,6
40039,2
40063,24
40087,24
40093,6
40099,6
40111,12
40123,12
40127,4
40129,2
40151,22
40153,2
40163,10
40169,6
40177,8
40189,12
40193,4
40213,20
40231,18
40237,6
40241,4
40253,12
40277,24
40283,6
40289,6
40343,54
40351,8
40357,6
40361,4
40387,26
40423,36
40427,4
40429,2
40433,4
40459,26
40471,12
40483,12
40487,4
40493,6
40499,6
40507,8
40519,12
40529,10
40531,2
40543,12
40559,16
40577,18
40583,6
40591,8
40597,6
40609,12
40627,18
40637,10
40639,2
40693,54
40697,4
40699,2
40709,10
40739,30
40751,12
40759,8
40763,4
40771,8
40787,16
40801,14
40813,12
40819,6
40823,4
40829,6
40841,12
40847,6
40849,2
40853,4
40867,14
40879,12
40883,4
40897,14
40903,6
40927,24
40933,6
40939,6
40949,10
40961,12
40973,12
40993,20
41011,18
41017,6
41023,6
41039,16
41047,8
41051,4
41057,6
41077,20
41081,4
41113,32
41117,4
41131,14
41141,10
41143,2
41149,6
41161,12
41177,16
41179,2
41183,4
41189,6
41201,12
41203,2
41213,10
41221,8
41227,6
41231,4
41233,2
41243,10
41257,14
41263,6
41269,6
41281,12
41299,18
41333,34
41341,8
41351,10
41357,6
41381,24
41387,6
41389,2
41399,10
41411,12
41413,2
41443,30
41453,10
41467,14
41479,12
41491,12
41507,16
41513,6
41519,6
41521,2
41539,18
41543,4
41549,6
41579,30
41593,14
41597,4
41603,6
41609,6
41611,2
41617,6
41621,4
41627,6
41641,14
41647,6
41651,4
41659,8
41669,10
41681,12
41687,6
41719,32
41729,10
41737,8
41759,22
41761,2
41771,10
41777,6
41801,24
41809,8
41813,4
41843,30
41849,6
41851,2
41863,12
41879,16
41887,8
41893,6
41897,4
41903,6
41911,8
41927,16
41941,14
41947,6
41953,6
41957,4
41959,2
41969,10
41981,12
41983,2
41999,16
42013,14
42017,4
42019,2
42023,4
42043,20
42061,18
42071,10
42073,2
42083,10
42089,6
42101,12
42131,30
42139,8
42157,18
42169,12
42179,10
42181,2
42187,6
42193,6
42197,4
42209,12
42221,12
42223,2
42227,4
42239,12
42257,18
42281,24
42283,2
42293,10
42299,6
42307,8
42323,16
42331,8
42337,6
42349,12
42359,10
42373,14
42379,6
42391,12
42397,6
42403,6
42407,4
42409,2
42433,24
42437,4
42443,6
42451,8
42457,6
42461,4
42463,2
42467,4
42473,6
42487,14
42491,4
42499,8
42509,10
42533,24
42557,24
42569,12
42571,2
42577,6
42589,12
42611,22
42641,30
42643,2
42649,6
42667,18
42677,10
42683,6
42689,6
42697,8
42701,4
42703,2
42709,6
42719,10
42727,8
42737,10
42743,6
42751,8
42767,16
42773,6
42787,14
42793,6
42797,4
42821,24
42829,8
42839,10
42841,2
42853,12
42859,6
42863,4
42899,36
42901,2
42923,22
42929,6
42937,8
42943,6
42953,10
42961,8
42967,6
42979,12
42989,10
43003,14
43013,10
43019,6
43037,18
43049,12
43051,2
43063,12
43067,4
43093,26
43103,10
43117,14
43133,16
43151,18
43159,8
43177,18
43189,12
43201,12
43207,6
43223,16
43237,14
43261,24
43271,10
43283,12
43291,8
43313,22
43319,6
43321,2
43331,10
43391,60
43397,6
43399,2
43403,4
43411,8
43427,16
43441,14
43451,10
43457,6
43481,24
43487,6
43499,12
43517,18
43541,24
43543,2
43573,30
43577,4
43579,2
43591,12
43597,6
43607,10
43609,2
43613,4
43627,14
43633,6
43649,16
43651,2
43661,10
43669,8
43691,22
43711,20
43717,6
43721,4
43753,32
43759,6
43777,18
43781,4
43783,2
43787,4
43789,2
43793,4
43801,8
43853,52
43867,14
43889,22
43891,2
43913,22
43933,20
43943,10
43951,8
43961,10
43963,2
43969,6
43973,4
43987,14
43991,4
43997,6
44017,20
44021,4
44027,6
44029,2
44041,12
44053,12
44059,6
44071,12
44087,16
44089,2
44101,12
44111,10
44119,8
44123,4
44129,6
44131,2
44159,28
44171,12
44179,8
44189,10
44201,12
44203,2
44207,4
44221,14
44249,28
44257,8
44263,6
44267,4
44269,2
44273,4
44279,6
44281,2
44293,12
44351,58
44357,6
44371,14
44381,10
44383,2
44389,6
44417,28
44449,32
44453,4
44483,30
44491,8
44497,6
44501,4
44507,6
44519,12
44531,12
44533,2
44537,4
44543,6
44549,6
44563,14
44579,16
44587,8
44617,30
44621,4
44623,2
44633,10
44641,8
44647,6
44651,4
44657,6
44683,26
44687,4
44699,12
44701,2
44711,10
44729,18
44741,12
44753,12
44771,18
44773,2
44777,4
44789,12
44797,8
44809,12
44819,10
44839,20
44843,4
44851,8
44867,16
44879,12
44887,8
44893,6
44909,16
44917,8
44927,10
44939,12
44953,14
44959,6
44963,4
44971,8
44983,12
44987,4
45007,20
45013,6
45053,40
45061,8
45077,16
45083,6
45119,36
45121,2
45127,6
45131,4
45137,6
45139,2
45161,22
45179,18
45181,2
45191,10
45197,6
45233,36
45247,14
45259,12
45263,4
45281,18
45289,8
45293,4
45307,14
45317,10
45319,2
45329,10
45337,8
45341,4
45343,2
45361,18
45377,16
45389,12
45403,14
45413,10
45427,14
45433,6
45439,6
45481,42
45491,10
45497,6
45503,6
45523,20
45533,10
45541,8
45553,12
45557,4
45569,12
45587,18
45589,2
45599,10
45613,14
45631,18
45641,10
45659,18
45667,8
45673,6
45677,4
45691,14
45697,6
45707,10
45737,30
45751,14
45757,6
45763,6
45767,4
45779,12
45817,38
45821,4
45823,2
45827,4
45833,6
45841,8
45853,12
45863,10
45869,6
45887,18
45893,6
45943,50
45949,6
45953,4
45959,6
45971,12
45979,8
45989,10
46021,32
46027,6
46049,22
46051,2
46061,10
46073,12
46091,18
46093,2
46099,6
46103,4
46133,30
46141,8
46147,6
46153,6
46171,18
46181,10
46183,2
46187,4
46199,12
46219,20
46229,10
46237,8
46261,24
46271,10
46273,2
46279,6
46301,22
46307,6
46309,2
46327,18
46337,10
46349,12
46351,2
46381,30
46399,18
46411,12
46439,28
46441,2
46447,6
46451,4
46457,6
46471,14
46477,6
46489,12
46499,10
46507,8
46511,4
46523,12
46549,26
46559,10
46567,8
46573,6
46589,16
46591,2
46601,10
46619,18
46633,14
46639,6
46643,4
46649,6
46663,14
46679,16
46681,2
46687,6
46691,4
46703,12
46723,20
46727,4
46747,20
46751,4
46757,6
46769,12
46771,2
46807,36
46811,4
46817,6
46819,2
46829,10
46831,2
46853,22
46861,8
46867,6
46877,10
46889,12
46901,12
46919,18
46933,14
46957,24
46993,36
46997,4
47017,20
47041,24
47051,10
47057,6
47059,2
47087,28
47093,6
47111,18
47119,8
47123,4
47129,6
47137,8
47143,6
47147,4
47149,2
47161,12
47189,28
47207,18
47221,14
47237,16
47251,14
47269,18
47279,10
47287,8
47293,6
47297,4
47303,6
47309,6
47317,8
47339,22
47351,12
47353,2
47363,10
47381,18
47387,6
47389,2
47407,18
47417,10
47419,2
47431,12
47441,10
47459,18
47491,32
47497,6
47501,4
47507,6
47513,6
47521,8
47527,6
47533,6
47543,10
47563,20
47569,6
47581,12
47591,10
47599,8
47609,10
47623,14
47629,6
47639,10
47653,14
47657,4
47659,2
47681,22
47699,18
47701,2
47711,10
47713,2
47717,4
47737,20
47741,4
47743,2
47777,34
47779,2
47791,12
47797,6
47807,10
47809,2
47819,10
47837,18
47843,6
47857,14
47869,12
47881,12
47903,22
47911,8
47917,6
47933,16
47939,6
47947,8
47951,4
47963,12
47969,6
47977,8
47981,4
48017,36
48023,6
48029,6
48049,20
48073,24
48079,6
48091,12
48109,18
48119,10
48121,2
48131,10
48157,26
48163,6
48179,16
48187,8
48193,6
48197,4
48221,24
48239,18
48247,8
48259,12
48271,12
48281,10
48299,18
48311,12
48313,2
48337,24
48341,4
48353,12
48371,18
48383,12
48397,14
48407,10
48409,2
48413,4
48437,24
48449,12
48463,14
48473,10
48479,6
48481,2
48487,6
48491,4
48497,6
48523,26
48527,4
48533,6
48539,6
48541,2
48563,22
48571,8
48589,18
48593,4
48611,18
48619,8
48623,4
48647,24
48649,2
48661,12
48673,12
48677,4
48679,2
48731,52
48733,2
48751,18
48757,6
48761,4
48767,6
48779,12
48781,2
48787,6
48799,12
48809,10
48817,8
48821,4
48823,2
48847,24
48857,10
48859,2
48869,10
48871,2
48883,12
48889,6
48907,18
48947,40
48953,6
48973,20
48989,16
48991,2
49003,12
49009,6
49019,10
49031,12
49033,2
49037,4
49043,6
49057,14
49069,12
49081,12
49103,22
49109,6
49117,8
49121,4
49123,2
49139,16
49157,18
49169,12
49171,2
49177,6
49193,16
49199,6
49201,2
49207,6
49211,4
49223,12
49253,30
49261,8
49277,16
49279,2
49297,18
49307,10
49331,24
49333,2
49339,6
49363,24
49367,4
49369,2
49391,22
49393,2
49409,16
49411,2
49417,6
49429,12
49433,4
49451,18
49459,8
49463,4
49477,14
49481,4
49499,18
49523,24
49529,6
49531,2
49537,6
49547,10
49549,2
49559,10
49597,38
49603,6
49613,10
49627,14
49633,6
49639,6
49663,24
49667,4
49669,2
49681,12
49697,16
49711,14
49727,16
49739,12
49741,2
49747,6
49757,10
49783,26
49787,4
49789,2
49801,12
49807,6
49811,4
49823,12
49831,8
49843,12
49853,10
49871,18
49877,6
49891,14
49919,28
49921,2
49927,6
49937,10
49939,2
49943,4
49957,14
49991,34
49993,2
49999,6
