250007,18
250013,6
250027,14
250031,4
250037,6
250043,6
250049,6
250051,2
250057,6
250073,16
250091,18
250109,18
250123,14
250147,24
250153,6
250169,16
250199,30
250253,54
250259,6
250267,8
250279,12
250301,22
250307,6
250343,36
250361,18
250403,42
250409,6
250423,14
250433,10
250441,8
250451,10
250489,38
250499,10
250501,2
250543,42
250583,40
250619,36
250643,24
250673,30
250681,8
250687,6
250693,6
250703,10
250709,6
250721,12
250727,6
250739,12
250741,2
250751,10
250753,2
250777,24
250787,10
250793,6
250799,6
250807,8
250813,6
250829,16
250837,8
250841,4
250853,12
250867,14
250871,4
250889,18
250919,30
250949,30
250951,2
250963,12
250967,4
250969,2
250979,10
250993,14
251003,10
251033,30
251051,18
251057,6
251059,2
251063,4
251071,8
251081,10
251087,6
251099,12
251117,18
251143,26
251149,6
251159,10
251171,12
251177,6
251179,2
251191,12
251197,6
251201,4
251203,2
251219,16
251221,2
251231,10
251233,2
251257,24
251261,4
251263,2
251287,24
251291,4
251297,6
251323,26
251347,24
251353,6
251359,6
251387,28
251393,6
251417,24
251429,12
251431,2
251437,6
251443,6
251467,24
251473,6
251477,4
251483,6
251491,8
251501,10
251513,12
251519,6
251527,8
251533,6
251539,6
251543,4
251561,18
251567,6
251609,42
251611,2
251621,10
251623,2
251639,16
251653,14
251663,10
251677,14
251701,24
251707,6
251737,30
251761,24
251789,28
251791,2
251809,18
251831,22
251833,2
251843,10
251857,14
251861,4
251879,18
251887,8
251893,6
251897,4
251903,6
251917,14
251939,22
251941,2
251947,6
251969,22
251971,2
251983,12
252001,18
252013,12
252017,4
252029,12
252037,8
252079,42
252101,22
252139,38
252143,4
252151,8
252157,6
252163,6
252169,6
252173,4
252181,8
252193,12
252209,16
252223,14
252233,10
252253,20
252277,24
252283,6
252289,6
252293,4
252313,20
252319,6
252323,4
252341,18
252359,18
252383,24
252391,8
252401,10
252409,8
252419,10
252431,12
252443,12
252449,6
252457,8
252463,6
252481,18
252509,28
252533,24
252541,8
252559,18
252583,24
252589,6
252607,18
252611,4
252617,6
252641,24
252667,26
252691,24
252709,18
252713,4
252727,14
252731,4
252737,6
252761,24
252767,6
252779,12
252817,38
252823,6
252827,4
252829,2
252869,40
252877,8
252881,4
252887,6
252893,6
252899,6
252911,12
252913,2
252919,6
252937,18
252949,12
252971,22
252979,8
252983,4
253003,20
253013,10
253049,36
253063,14
253081,18
253103,22
253109,6
253133,24
253153,20
253157,4
253159,2
253229,70
253243,14
253247,4
253273,26
253307,34
253321,14
253343,22
253349,6
253361,12
253367,6
253369,2
253381,12
253387,6
253417,30
253423,6
253427,4
253433,6
253439,6
253447,8
253469,22
253481,12
253493,12
253501,8
253507,6
253531,24
253537,6
253543,6
253553,10
253567,14
253573,6
253601,28
253607,6
253609,2
253613,4
253633,20
253637,4
253639,2
253651,12
253661,10
253679,18
253681,2
253703,22
253717,14
253733,16
253741,8
253751,10
253763,12
253769,6
253777,8
253787,10
253789,2
253801,12
253811,10
253819,8
253823,4
253853,30
253867,14
253871,4
253879,8
253901,22
253907,6
253909,2
253919,10
253937,18
253949,12
253951,2
253969,18
253987,18
253993,6
253999,6
254003,4
254021,18
254027,6
254039,12
254041,2
254047,6
254053,6
254071,18
254083,12
254119,36
254141,22
254147,6
254161,14
254179,18
254197,18
254207,10
254209,2
254213,4
254249,36
254257,8
254279,22
254281,2
254291,10
254299,8
254329,30
254369,40
254377,8
254383,6
254389,6
254407,18
254413,6
254437,24
254447,10
254461,14
254489,28
254491,2
254519,28
254537,18
254557,20
254593,36
254623,30
254627,4
254647,20
254659,12
254663,4
254699,36
254713,14
254729,16
254731,2
254741,10
254747,6
254753,6
254773,20
254777,4
254783,6
254791,8
254803,12
254827,24
254831,4
254833,2
254857,24
254869,12
254873,4
254879,6
254887,8
254899,12
254911,12
254927,16
254929,2
254941,12
254959,18
254963,4
254971,8
254977,6
254987,10
254993,6
255007,14
255019,12
255023,4
255043,20
255049,6
255053,4
255071,18
255077,6
255083,6
255097,14
255107,10
255121,14
255127,6
255133,6
255137,4
255149,12
255173,24
255179,6
255181,2
255191,10
255193,2
255197,4
255209,12
255217,8
255239,22
255247,8
255251,4
255253,2
255259,6
255313,54
255329,16
255349,20
255361,12
255371,10
255383,12
255413,30
255419,6
255443,24
255457,14
255467,10
255469,2
255473,4
255487,14
255499,12
255503,4
255511,8
255517,6
255523,6
255551,28
255571,20
255587,16
255589,2
255613,24
255617,4
255637,20
255641,4
255649,8
255653,4
255659,6
255667,8
255679,12
255709,30
255713,4
255733,20
255743,10
255757,14
255763,6
255767,4
255803,36
255839,36
255841,2
255847,6
255851,4
255859,8
255869,10
255877,8
255887,10
255907,20
255917,10
255919,2
255923,4
255947,24
255961,14
255971,10
255973,2
255977,4
255989,12
256019,30
256021,2
256031,10
256033,2
256049,16
256057,8
256079,22
256093,14
256117,24
256121,4
256129,8
256133,4
256147,14
256163,16
256169,6
256181,12
256187,6
256189,2
256199,10
256211,12
256219,8
256279,60
256301,22
256307,6
256313,6
256337,24
256349,12
256363,14
256369,6
256391,22
256393,2
256423,30
256441,18
256469,28
256471,2
256483,12
256489,6
256493,4
256499,6
256517,18
256541,24
256561,20
256567,6
256577,10
256579,2
256589,10
256603,14
256609,6
256639,30
256643,4
256651,8
256661,10
256687,26
256699,12
256721,22
256723,2
256757,34
256771,14
256799,28
256801,2
256813,12
256831,18
256873,42
256877,4
256889,12
256901,12
256903,2
256931,28
256939,8
256957,18
256967,10
256981,14
257003,22
257017,14
257053,36
257069,16
257077,8
257093,16
257099,6
257107,8
257123,16
257141,18
257161,20
257171,10
257177,6
257189,12
257219,30
257221,2
257239,18
257249,10
257263,14
257273,10
257281,8
257287,6
257293,6
257297,4
257311,14
257321,10
257339,18
257351,12
257353,2
257371,18
257381,10
257399,18
257401,2
257407,6
257437,30
257443,6
257447,4
257459,12
257473,14
257489,16
257497,8
257501,4
257503,2
257519,16
257539,20
257561,22
257591,30
257611,20
257627,16
257639,12
257657,18
257671,14
257687,16
257689,2
257707,18
257711,4
257713,2
257717,4
257731,14
257783,52
257791,8
257797,6
257837,40
257857,20
257861,4
257863,2
257867,4
257869,2
257879,10
257893,14
257903,10
257921,18
257947,26
257953,6
257981,28
257987,6
257989,2
257993,4
258019,26
258023,4
258031,8
258061,30
258067,6
258101,34
258107,6
258109,2
258113,4
258119,6
258127,8
258131,4
258143,12
258157,14
258161,4
258173,12
258197,24
258211,14
258233,22
258241,8
258253,12
258277,24
258283,6
258299,16
258317,18
258319,2
258329,10
258331,2
258337,6
258353,16
258373,20
258389,16
258403,14
258407,4
258413,6
258421,8
258437,16
258443,6
258449,6
258469,20
258487,18
258491,4
258499,8
258521,22
258527,6
258539,12
258551,12
258563,12
258569,6
258581,12
258607,26
258611,4
258613,2
258617,4
258623,6
258631,8
258637,6
258659,22
258673,14
258677,4
258691,14
258697,6
258703,6
258707,4
258721,14
258733,12
258737,4
258743,6
258763,20
258779,16
258787,8
258803,16
258809,6
258827,18
258847,20
258871,24
258887,16
258917,30
258919,2
258949,30
258959,10
258967,8
258971,4
258977,6
258983,6
258991,8
259001,10
259009,8
259019,10
259033,14
259099,66
259121,22
259123,2
259151,28
259157,6
259159,2
259163,4
259169,6
259177,8
259183,6
259201,18
259211,10
259213,2
259219,6
259229,10
259271,42
259277,6
259309,32
259321,12
259339,18
259379,40
259381,2
259387,6
259397,10
259411,14
259421,10
259429,8
259451,22
259453,2
259459,6
259499,40
259507,8
259517,10
259531,14
259537,6
259547,10
259577,30
259583,6
259603,20
259619,16
259621,2
259627,6
259631,4
259639,8
259643,4
259657,14
259667,10
259681,14
259691,10
259697,6
259717,20
259723,6
259733,10
259751,18
259771,20
259781,10
259783,2
259801,18
259813,12
259823,10
259829,6
259837,8
259841,4
259867,26
259907,40
259933,26
259937,4
259943,6
259949,6
259967,18
259991,24
259993,2
260003,10
260009,6
260011,2
260017,6
260023,6
260047,24
260081,34
260089,8
260111,22
260137,26
260171,34
260179,8
260189,10
260191,2
260201,10
260207,6
260209,2
260213,4
260231,18
260263,32
260269,6
260317,48
260329,12
260339,10
260363,24
260387,24
260399,12
260411,12
260413,2
260417,4
260419,2
260441,22
260453,12
260461,8
260467,6
260483,16
260489,6
260527,38
260539,12
260543,4
260549,6
260551,2
260569,18
260573,4
260581,8
260587,6
260609,22
260629,20
260647,18
260651,4
260671,20
260677,6
260713,36
260717,4
260723,6
260747,24
260753,6
260761,8
260773,12
260791,18
260807,16
260809,2
260849,40
260857,8
260861,4
260863,2
260873,10
260879,6
260893,14
260921,28
260941,20
260951,10
260959,8
260969,10
260983,14
260987,4
260999,12
261011,12
261013,2
261017,4
261031,14
261043,12
261059,16
261061,2
261071,10
261077,6
261089,12
261101,12
261127,26
261167,40
261169,2
261223,54
261229,6
261241,12
261251,10
261271,20
261281,10
261301,20
261323,22
261329,6
261337,8
261347,10
261353,6
261379,26
261389,10
261407,18
261427,20
261431,4
261433,2
261439,6
261451,12
261463,12
261467,4
261509,42
261523,14
261529,6
261557,28
261563,6
261577,14
261581,4
261587,6
261593,6
261601,8
261619,18
261631,12
261637,6
261641,4
261643,2
261673,30
261697,24
261707,10
261713,6
261721,8
261739,18
261757,18
261761,4
261773,12
261787,14
261791,4
261799,8
261823,24
261847,24
261881,34
261887,6
261917,30
261959,42
261971,12
261973,2
261977,4
261983,6
262007,24
262027,20
262049,22
262051,2
262069,18
262079,10
262103,24
262109,6
262111,2
262121,10
262127,6
262133,6
262139,6
262147,8
262151,4
262153,2
262187,34
262193,6
262217,24
262231,14
262237,6
262253,16
262261,8
262271,10
262303,32
262313,10
262321,8
262331,10
262337,6
262349,12
262351,2
262369,18
262387,18
262391,4
262399,8
262411,12
262433,22
262459,26
262469,10
262489,20
262501,12
262511,10
262513,2
262519,6
262541,22
262543,2
262553,10
262567,14
262583,16
262597,14
262621,24
262627,6
262643,16
262649,6
262651,2
262657,6
262681,24
262693,12
262697,4
262709,12
262723,14
262733,10
262739,6
262741,2
262747,6
262781,34
262783,2
262807,24
262819,12
262853,34
262877,24
262883,6
262897,14
262901,4
262909,8
262937,28
262949,12
262957,8
262981,24
263009,28
263023,14
263047,24
263063,16
263071,8
263077,6
263083,6
263089,6
263101,12
263111,10
263119,8
263129,10
263167,38
263171,4
263183,12
263191,8
263201,10
263209,8
263213,4
263227,14
263239,12
263257,18
263267,10
263269,2
263273,4
263287,14
263293,6
263303,10
263323,20
263369,46
263383,14
263387,4
263399,12
263401,2
263411,10
263423,12
263429,6
263437,8
263443,6
263489,46
263491,2
263503,12
263513,10
263519,6
263521,2
263533,12
263537,4
263561,24
263567,6
263573,6
263591,18
263597,6
263609,12
263611,2
263621,10
263647,26
263651,4
263657,6
263677,20
263723,46
263729,6
263737,8
263759,22
263761,2
263803,42
263819,16
263821,2
263827,6
263843,16
263849,6
263863,14
263867,4
263869,2
263881,12
263899,18
263909,10
263911,2
263927,16
263933,6
263941,8
263951,10
263953,2
263957,4
263983,26
264007,24
264013,6
264029,16
264031,2
264053,22
264059,6
264071,12
264083,12
264091,8
264101,10
264113,12
264127,14
264133,6
264137,4
264139,2
264167,28
264169,2
264179,10
264211,32
264221,10
264263,42
264269,6
264283,14
264289,6
264301,12
264323,22
264331,8
264343,12
264349,6
264353,4
264359,6
264371,12
264391,20
264403,12
264437,34
264443,6
264463,20
264487,24
264527,40
264529,2
264553,24
264559,6
264577,18
264581,4
264599,18
264601,2
264619,18
264631,12
264637,6
264643,6
264659,16
264697,38
264731,34
264739,8
264743,4
264749,6
264757,8
264763,6
264769,6
264779,10
264787,8
264791,4
264793,2
264811,18
264827,16
264829,2
264839,10
264871,32
264881,10
264889,8
264893,4
264899,6
264919,20
264931,12
264949,18
264959,10
264961,2
264977,16
264991,14
264997,6
265003,6
265007,4
265021,14
265037,16
265079,42
265091,12
265093,2
265117,24
265123,6
265129,6
265141,12
265151,10
265157,6
265163,6
265169,6
265193,24
265207,14
265231,24
265241,10
265247,6
265249,2
265261,12
265271,10
265273,2
265277,4
265313,36
265333,20
265337,4
265339,2
265381,42
265399,18
265403,4
265417,14
265423,6
265427,4
265451,24
265459,8
265471,12
265483,12
265493,10
265511,18
265513,2
265541,28
265543,2
265547,4
265561,14
265567,6
265571,4
265579,8
265607,28
265613,6
265619,6
265621,2
265703,82
265709,6
265711,2
265717,6
265729,12
265739,10
265747,8
265757,10
265781,24
265787,6
265807,20
265813,6
265819,6
265831,12
265841,10
265847,6
265861,14
265871,10
265873,2
265883,10
265891,8
265921,30
265957,36
265961,4
265987,26
266003,16
266009,6
266023,14
266027,4
266029,2
266047,18
266051,4
266053,2
266059,6
266081,22
266083,2
266089,6
266093,4
266099,6
266111,12
266117,6
266129,12
266137,8
266153,16
266159,6
266177,18
266183,6
266221,38
266239,18
266261,22
266269,8
266281,12
266291,10
266293,2
266297,4
266333,36
266351,18
266353,2
266359,6
266369,10
266381,12
266401,20
266411,10
266417,6
266447,30
266449,2
266477,28
266479,2
266489,10
266491,2
266521,30
266549,28
266587,38
266599,12
266603,4
266633,30
266641,8
266647,6
266663,16
266671,8
266677,6
266681,4
266683,2
266687,4
266689,2
266701,12
266711,10
266719,8
266759,40
266767,8
266797,30
266801,4
266821,20
266837,16
266839,2
266863,24
266867,4
266891,24
266897,6
266899,2
266909,10
266921,12
266927,6
266933,6
266947,14
266953,6
266957,4
266971,14
266977,6
266983,6
266993,10
266999,6
267017,18
267037,20
267049,12
267097,48
267131,34
267133,2
267139,6
267143,4
267167,24
267187,20
267193,6
267199,6
267203,4
267217,14
267227,10
267229,2
267233,4
267259,26
267271,12
267277,6
267299,22
267301,2
267307,6
267317,10
267341,24
267353,12
267373,20
267389,16
267391,2
267401,10
267403,2
267413,10
267419,6
267431,12
267433,2
267439,6
267451,12
267469,18
267479,10
267481,2
267493,12
267497,4
267511,14
267517,6
267521,4
267523,2
267541,18
267551,10
267557,6
267569,12
267581,12
267587,6
267593,6
267601,8
267611,10
267613,2
267629,16
267637,8
267643,6
267647,4
267649,2
267661,12
267667,6
267671,4
267677,6
267679,2
267713,34
267719,6
267721,2
267727,6
267737,10
267739,2
267749,10
267763,14
267781,18
267791,10
267797,6
267803,6
267811,8
267829,18
267833,4
267857,24
267863,6
267877,14
267887,10
267893,6
267899,6
267901,2
267907,6
267913,6
267929,16
267941,12
267959,18
267961,2
268003,42
268013,10
268043,30
268049,6
268063,14
268069,6
268091,22
268123,32
268133,10
268153,20
268171,18
268189,18
268199,10
268207,8
268211,4
268237,26
268253,16
268267,14
268271,4
268283,12
268291,8
268297,6
268343,46
268403,60
268439,36
268459,20
268487,28
268493,6
268501,8
268507,6
268517,10
268519,2
268529,10
268531,2
268537,6
268547,10
268573,26
268607,34
268613,6
268637,24
268643,6
268661,18
268693,32
268721,28
268729,8
268733,4
268747,14
268757,10
268759,2
268771,12
268777,6
268781,4
268783,2
268789,6
268811,22
268813,2
268817,4
268819,2
268823,4
268841,18
268843,2
268861,18
268883,22
268897,14
268909,12
268913,4
268921,8
268927,6
268937,10
268969,32
268973,4
268979,6
268993,14
268997,4
268999,2
269023,24
269029,6
269039,10
269041,2
269057,16
269063,6
269069,6
269089,20
269117,28
269131,14
269141,10
269167,26
269177,10
269179,2
269183,4
269189,6
269201,12
269209,8
269219,10
269221,2
269231,10
269237,6
269251,14
269257,6
269281,24
269317,36
269327,10
269333,6
269341,8
269351,10
269377,26
269383,6
269387,4
269389,2
269393,4
269413,20
269419,6
269429,10
269431,2
269441,10
269461,20
269473,12
269513,40
269519,6
269527,8
269539,12
269543,4
269561,18
269573,12
269579,6
269597,18
269617,20
269623,6
269641,18
269651,10
269663,12
269683,20
269701,18
269713,12
269719,6
269723,4
269741,18
269749,8
269761,12
269779,18
269783,4
269791,8
269851,60
269879,28
269887,8
269891,4
269897,6
269923,26
269939,16
269947,8
269953,6
269981,28
269987,6
270001,14
270029,28
270031,2
270037,6
270059,22
270071,12
270073,2
270097,24
270121,24
270131,10
270133,2
270143,10
270157,14
270163,6
270167,4
270191,24
270209,18
270217,8
270223,6
270229,6
270239,10
270241,2
270269,28
270271,2
270287,16
270299,12
270307,8
270311,4
270323,12
270329,6
270337,8
270343,6
270371,28
270379,8
270407,28
270421,14
270437,16
270443,6
270451,8
270461,10
270463,2
270493,30
270509,16
270527,18
270539,12
270547,8
270551,4
270553,2
270563,10
270577,14
270583,6
270587,4
270593,6
270601,8
270619,18
270631,12
270653,22
270659,6
270667,8
270679,12
270689,10
270701,12
270709,8
270719,10
270737,18
270749,12
270761,12
270763,2
270791,28
270797,6
270799,2
270821,22
270833,12
270841,8
270859,18
270899,40
270913,14
270923,10
270931,8
270937,6
270953,16
270961,8
270967,6
270973,6
271003,30
271013,10
271021,8
271027,6
271043,16
271057,14
271067,10
271079,12
271097,18
271109,12
271127,18
271129,2
271163,34
271169,6
271177,8
271181,4
271211,30
271217,6
271231,14
271241,10
271253,12
271261,8
271273,12
271277,4
271279,2
271289,10
271333,44
271351,18
271357,6
271363,6
271367,4
271393,26
271409,16
271429,20
271451,22
271463,12
271471,8
271483,12
271489,6
271499,10
271501,2
271517,16
271549,32
271553,4
271571,18
271573,2
271597,24
271603,6
271619,16
271637,18
271639,2
271651,12
271657,6
271693,36
271703,10
271723,20
271729,6
271753,24
271769,16
271771,2
271787,16
271807,20
271811,4
271829,18
271841,12
271849,8
271853,4
271861,8
271867,6
271879,12
271897,18
271903,6
271919,16
271927,8
271939,12
271967,28
271969,2
271981,12
272003,22
272009,6
272011,2
272029,18
272039,10
272053,14
272059,6
272093,34
272131,38
272141,10
272171,30
272179,8
272183,4
272189,6
272191,2
272201,10
272203,2
272227,24
272231,4
272249,18
272257,8
272263,6
272267,4
272269,2
272287,18
272299,12
272317,18
272329,12
272333,4
272341,8
272347,6
272351,4
272353,2
272359,6
272369,10
272381,12
272383,2
272399,16
272407,8
272411,4
272417,6
272423,6
272449,26
272453,4
272477,24
272507,30
272533,26
272537,4
272539,2
272549,10
272563,14
272567,4
272581,14
272603,22
272621,18
272651,30
272659,8
272683,24
272693,10
272717,24
272719,2
272737,18
272759,22
272761,2
272771,10
272777,6
272807,30
272809,2
272813,4
272863,50
272879,16
272887,8
272903,16
272911,8
272917,6
272927,10
272933,6
272959,26
272971,12
272981,10
272983,2
272989,6
272999,10
273001,2
273029,28
273043,14
273047,4
273059,12
273061,2
273067,6
273073,6
273083,10
273107,24
273113,6
273127,14
273131,4
273149,18
273157,8
273181,24
273187,6
273193,6
273233,40
273253,20
273269,16
273271,2
273281,10
273283,2
273289,6
273311,22
273313,2
273323,10
273349,26
273359,10
273367,8
273433,66
273457,24
273473,16
273503,30
273517,14
273521,4
273527,6
273551,24
273569,18
273601,32
273613,12
273617,4
273629,12
273641,12
273643,2
273653,10
273697,44
273709,12
273719,10
273727,8
273739,12
273773,34
273787,14
273797,10
273803,6
273821,18
273827,6
273857,30
273881,24
273899,18
273901,2
273913,12
273919,6
273929,10
273941,12
273943,2
273967,24
273971,4
273979,8
273997,18
274007,10
274019,12
274033,14
274061,28
274069,8
274081,12
274093,12
274103,10
274117,14
274121,4
274123,2
274139,16
274147,8
274163,16
274171,8
274177,6
274187,10
274199,12
274201,2
274213,12
274223,10
274237,14
274243,6
274259,16
274271,12
274277,6
274283,6
274301,18
274333,32
274349,16
274357,8
274361,4
274403,42
274423,20
274441,18
274451,10
274453,2
274457,4
274471,14
274489,18
274517,28
274529,12
274579,50
274583,4
274591,8
274609,18
274627,18
274661,34
274667,6
274679,12
274693,14
274697,4
274709,12
274711,2
274723,12
274739,16
274751,12
274777,26
274783,6
274787,4
274811,24
274817,6
274829,12
274831,2
274837,6
274843,6
274847,4
274853,6
274861,8
274867,6
274871,4
274889,18
274909,20
274931,22
274943,12
274951,8
274957,6
274961,4
274973,12
274993,20
275003,10
275027,24
275039,12
275047,8
275053,6
275059,6
275083,24
275087,4
275129,42
275131,2
275147,16
275153,6
275159,6
275161,2
275167,6
275183,16
275201,18
275207,6
275227,20
275251,24
275263,12
275269,6
275299,30
275309,10
275321,12
275323,2
275339,16
275357,18
275371,14
275389,18
275393,4
275399,6
275419,20
275423,4
275447,24
275449,2
275453,4
275459,6
275461,2
275489,28
275491,2
275503,12
275521,18
275531,10
275543,12
275549,6
275573,24
275579,6
275581,2
275591,10
275593,2
275599,6
275623,24
275641,18
275651,10
275657,6
275669,12
275677,8
275699,22
275711,12
275719,8
275729,10
275741,12
275767,26
275773,6
275783,10
275813,30
275827,14
275837,10
275881,44
275897,16
275911,14
275917,6
275921,4
275923,2
275929,6
275939,10
275941,2
275963,22
275969,6
275981,12
275987,6
275999,12
276007,8
276011,4
276019,8
276037,18
276041,4
276043,2
276047,4
276049,2
276079,30
276083,4
276091,8
276113,22
276137,24
276151,14
276173,22
276181,8
276187,6
276191,4
276209,18
276229,20
276239,10
276247,8
276251,4
276257,6
276277,20
276293,16
276319,26
276323,4
276337,14
276343,6
276347,4
276359,12
276371,12
276373,2
276389,16
276401,12
276439,38
276443,4
276449,6
276461,12
276467,6
276487,20
276499,12
276503,4
276517,14
276527,10
276553,26
276557,4
276581,24
276587,6
276589,2
276593,4
276599,6
276623,24
276629,6
276637,8
276671,34
276673,2
276707,34
276721,14
276739,18
276763,24
276767,4
276779,12
276781,2
276817,36
276821,4
276823,2
276827,4
276833,6
276839,6
276847,8
276869,22
276883,14
276901,18
276907,6
276917,10
276919,2
276929,10
276949,20
276953,4
276961,8
276977,16
277003,26
277007,4
277021,14
277051,30
277063,12
277073,10
277087,14
277097,10
277099,2
277157,58
277163,6
277169,6
277177,8
277183,6
277213,30
277217,4
277223,6
277231,8
277247,16
277259,12
277261,2
277273,12
277279,6
277297,18
277301,4
277309,8
277331,22
277363,32
277373,10
277411,38
277421,10
277427,6
277429,2
277483,54
277493,10
277499,6
277513,14
277531,18
277547,16
277549,2
277567,18
277577,10
277579,2
277597,18
277601,4
277603,2
277637,34
277639,2
277643,4
277657,14
277663,6
277687,24
277691,4
277703,12
277741,38
277747,6
277751,4
277757,6
277787,30
277789,2
277793,4
277813,20
277829,16
277847,18
277859,12
277883,24
277889,6
277891,2
277897,6
277903,6
277919,16
277961,42
277993,32
277999,6
278017,18
278029,12
278041,12
278051,10
278063,12
278071,8
278087,16
278111,24
278119,8
278123,4
278143,20
278147,4
278149,2
278177,28
278191,14
278207,16
278209,2
278219,10
278227,8
278233,6
278237,4
278261,24
278269,8
278279,10
278321,42
278329,8
278347,18
278353,6
278363,10
278387,24
278393,6
278413,20
278437,24
278459,22
278479,20
278489,10
278491,2
278497,6
278501,4
278503,2
278543,40
278549,6
278557,8
278561,4
278563,2
278581,18
278591,10
278609,18
278611,2
278617,6
278623,6
278627,4
278639,12
278651,12
278671,20
278687,16
278689,2
278701,12
278717,16
278741,24
278743,2
278753,10
278767,14
278801,34
278807,6
278809,2
278813,4
278819,6
278827,8
278843,16
278849,6
278867,18
278879,12
278881,2
278891,10
278903,12
278909,6
278911,2
278917,6
278947,30
278981,34
279001,20
279007,6
279023,16
279029,6
279047,18
279073,26
279109,36
279119,10
279121,2
279127,6
279131,4
279137,6
279143,6
279173,30
279179,6
279187,8
279203,16
279211,8
279221,10
279269,48
279311,42
279317,6
279329,12
279337,8
279353,16
279397,44
279407,10
279413,6
279421,8
279431,10
279443,12
279451,8
279479,28
279481,2
279511,30
279523,12
279541,18
279551,10
279553,2
279557,4
279571,14
279577,6
279583,6
279593,10
279607,14
279613,6
279619,6
279637,18
279641,4
279649,8
279659,10
279679,20
279689,10
279707,18
279709,2
279731,22
279751,20
279761,10
279767,6
279779,12
279817,38
279823,6
279847,24
279857,10
279863,6
279883,20
279913,30
279919,6
279941,22
279949,8
279967,18
279977,10
279991,14
280001,10
280009,8
280013,4
280031,18
280037,6
280061,24
280069,8
280097,28
280099,2
280103,4
280121,18
280129,8
280139,10
280183,44
280187,4
280199,12
280207,8
280219,12
280223,4
280229,6
280243,14
280249,6
280253,4
280277,24
280297,20
280303,6
280321,18
280327,6
280337,10
280339,2
280351,12
280373,22
280409,36
280411,2
280451,40
280463,12
280487,24
280499,12
280507,8
280513,6
280537,24
280541,4
280547,6
280549,2
280561,12
280583,22
280589,6
280591,2
280597,6
280603,6
280607,4
280613,6
280627,14
280639,12
280673,34
280681,8
280697,16
280699,2
280703,4
280711,8
280717,6
280729,12
280751,22
280759,8
280769,10
280771,2
280811,40
280817,6
280837,20
280843,6
280859,16
280871,12
280879,8
280883,4
280897,14
280909,12
280913,4
280921,8
280927,6
280933,6
280939,6
280949,10
280957,8
280963,6
280967,4
280979,12
280997,18
281023,26
281033,10
281053,20
281063,10
281069,6
281081,12
281117,36
281131,14
281153,22
281159,6
281167,8
281189,22
281191,2
281207,16
281227,20
281233,6
281243,10
281249,6
281251,2
281273,22
281279,6
281291,12
281297,6
281317,20
281321,4
281327,6
281339,12
281353,14
281357,4
281363,6
281381,18
281419,38
281423,4
281429,6
281431,2
281509,78
281527,18
281531,4
281539,8
281549,10
281551,2
281557,6
281563,6
281579,16
281581,2
281609,28
281621,12
281623,2
281627,4
281641,14
281647,6
281651,4
281653,2
281663,10
281669,6
281683,14
281717,34
281719,2
281737,18
281747,10
281761,14
281767,6
281777,10
281783,6
281791,8
281797,6
281803,6
281807,4
281833,26
281837,4
281839,2
281849,10
281857,8
281867,10
281887,20
281893,6
281921,28
281923,2
281927,4
281933,6
281947,14
281959,12
281971,12
281989,18
281993,4
282001,8
282011,10
282019,8
282053,34
282059,6
282071,12
282089,18
282091,2
282097,6
282101,4
282103,2
282127,24
282143,16
282157,14
282167,10
282221,54
282229,8
282239,10
282241,2
282253,12
282281,28
282287,6
282299,12
282307,8
282311,4
282313,2
282349,36
282377,28
282383,6
282389,6
282391,2
282407,16
282409,2
282413,4
282427,14
282439,12
282461,22
282481,20
282487,6
282493,6
282559,66
282563,4
282571,8
282577,6
282589,12
282599,10
282617,18
282661,44
282671,10
282677,6
282679,2
282683,4
282691,8
282697,6
282703,6
282707,4
282713,6
282767,54
282769,2
282773,4
282797,24
282809,12
282827,18
282833,6
282847,14
282851,4
282869,18
282881,12
282889,8
282907,18
282911,4
282913,2
282917,4
282959,42
282973,14
282977,4
282991,14
283001,10
283007,6
283009,2
283027,18
283051,24
283079,28
283093,14
283097,4
283099,2
283111,12
283117,6
283121,4
283133,12
283139,6
283159,20
283163,4
283181,18
283183,2
283193,10
283207,14
283211,4
283267,56
283277,10
283289,12
283303,14
283369,66
283397,28
283403,6
283411,8
283447,36
283463,16
283487,24
283489,2
283501,12
283511,10
283519,8
283541,22
283553,12
283571,18
283573,2
283579,6
283583,4
283601,18
283607,6
283609,2
283631,22
283637,6
283639,2
283669,30
283687,18
283697,10
283721,24
283741,20
283763,22
283769,6
283771,2
283793,22
283799,6
283807,8
283813,6
283817,4
283831,14
283837,6
283859,22
283861,2
283873,12
283909,36
283937,28
283949,12
283957,8
283961,4
283979,18
284003,24
284023,20
284041,18
284051,10
284057,6
284059,2
284083,24
284093,10
284111,18
284117,6
284129,12
284131,2
284149,18
284153,4
284159,6
284161,2
284173,12
284191,18
284201,10
284227,26
284231,4
284233,2
284237,4
284243,6
284261,18
284267,6
284269,2
284293,24
284311,18
284341,30
284357,16
284369,12
284377,8
284387,10
284407,20
284413,6
284423,10
284429,6
284447,18
284467,20
284477,10
284483,6
284489,6
284507,18
284509,2
284521,12
284527,6
284539,12
284551,12
284561,10
284573,12
284587,14
284591,4
284593,2
284623,30
284633,10
284651,18
284657,6
284659,2
284681,22
284689,8
284701,12
284707,6
284723,16
284729,6
284731,2
284737,6
284741,4
284743,2
284747,4
284749,2
284759,10
284777,18
284783,6
284803,20
284807,4
284813,6
284819,6
284831,12
284833,2
284839,6
284857,18
284881,24
284897,16
284899,2
284917,18
284927,10
284957,30
284969,12
284989,20
285007,18
285023,16
285031,8
285049,18
285071,22
285079,8
285091,12
285101,10
285113,12
285119,6
285121,2
285139,18
285151,12
285161,10
285179,18
285191,12
285199,8
285221,22
285227,6
285251,24
285281,30
285283,2
285287,4
285289,2
285301,12
285317,16
285343,26
285377,34
285421,44
285433,12
285451,18
285457,6
285463,6
285469,6
285473,4
285497,24
285517,20
285521,4
285533,12
285539,6
285553,14
285557,4
285559,2
285569,10
285599,30
285611,12
285613,2
285629,16
285631,2
285641,10
285643,2
285661,18
285667,6
285673,6
285697,24
285707,10
285709,2
285721,12
285731,10
285749,18
285757,8
285763,6
285767,4
285773,6
285781,8
285823,42
285827,4
285839,12
285841,2
285871,30
285937,66
285949,12
285953,4
285977,24
285979,2
285983,4
285997,14
286001,4
286009,8
286019,10
286043,24
286049,6
286061,12
286063,2
286073,10
286103,30
286129,26
286163,34
286171,8
286199,28
286243,44
286249,6
286289,40
286301,12
286333,32
286367,34
286369,2
286381,12
286393,12
286397,4
286411,14
286421,10
286427,6
286453,26
286457,4
286459,2
286469,10
286477,8
286483,6
286487,4
286493,6
286499,6
286513,14
286519,6
286541,22
286543,2
286547,4
286553,6
286589,36
286591,2
286609,18
286613,4
286619,6
286633,14
286651,18
286673,22
286687,14
286697,10
286703,6
286711,8
286721,10
286733,12
286751,18
286753,2
286763,10
286771,8
286777,6
286789,12
286801,12
286813,12
286831,18
286859,28
286873,14
286927,54
286973,46
286981,8
286987,6
286999,12
287003,4
287047,44
287057,10
287059,2
287087,28
287093,6
287099,6
287107,8
287117,10
287137,20
287141,4
287149,8
287159,10
287167,8
287173,6
287179,6
287191,12
287219,28
287233,14
287237,4
287239,2
287251,12
287257,6
287269,12
287279,10
287281,2
287291,10
287297,6
287321,24
287327,6
287333,6
287341,8
287347,6
287383,36
287387,4
287393,6
287437,44
287449,12
287491,42
287501,10
287503,2
287537,34
287549,12
287557,8
287579,22
287597,18
287611,14
287629,18
287669,40
287671,2
287681,10
287689,8
287701,12
287731,30
287747,16
287783,36
287789,6
287801,12
287813,12
287821,8
287849,28
287851,2
287857,6
287863,6
287867,4
287873,6
287887,14
287921,34
287933,12
287939,6
287977,38
288007,30
288023,16
288049,26
288053,4
288061,8
288077,16
288089,12
288109,20
288137,28
288179,42
288181,2
288191,10
288199,8
288203,4
288209,6
288227,18
288241,14
288247,6
288257,10
288283,26
288293,10
288307,14
288313,6
288317,4
288349,32
288359,10
288361,2
288383,22
288389,6
288403,14
288413,10
288427,14
288433,6
288461,28
288467,6
288481,14
288493,12
288499,6
288527,28
288529,2
288539,10
288551,12
288559,8
288571,12
288577,6
288583,6
288647,64
288649,2
288653,4
288661,8
288679,18
288683,4
288689,6
288697,8
288731,34
288733,2
288751,18
288767,16
288773,6
288803,30
288817,14
288823,6
288833,10
288839,6
288851,12
288853,2
288877,24
288907,30
288913,6
288929,16
288931,2
288947,16
288973,26
288979,6
288989,10
288991,2
288997,6
289001,4
289019,18
289021,2
289031,10
289033,2
289039,6
289049,10
289063,14
289067,4
289099,32
289103,4
289109,6
289111,2
289127,16
289129,2
289139,10
289141,2
289151,10
289169,18
289171,2
289181,10
289189,8
289193,4
289213,20
289241,28
289243,2
289249,6
289253,4
289273,20
289283,10
289291,8
289297,6
289309,12
289319,10
289343,24
289349,6
289361,12
289369,8
289381,12
289397,16
289417,20
289423,6
289439,16
289453,14
289463,10
289469,6
289477,8
289489,12
289511,22
289543,32
289559,16
289573,14
289577,4
289589,12
289603,14
289607,4
289637,30
289643,6
289657,14
289669,12
289717,48
289721,4
289727,6
289733,6
289741,8
289759,18
289763,4
289771,8
289789,18
289837,48
289841,4
289843,2
289847,4
289853,6
289859,6
289871,12
289889,18
289897,8
289937,40
289951,14
289957,6
289967,10
289973,6
289987,14
289999,12
290011,12
290021,10
290023,2
290027,4
290033,6
290039,6
290041,2
290047,6
290057,10
290083,26
290107,24
290113,6
290119,6
290137,18
290141,4
290161,20
290183,22
290189,6
290201,12
290209,8
290219,10
290233,14
290243,10
290249,6
290317,68
290327,10
290347,20
290351,4
290359,8
290369,10
290383,14
290393,10
290399,6
290419,20
290429,10
290441,12
290443,2
290447,4
290471,24
290473,2
290489,16
290497,8
290509,12
290527,18
290531,4
290533,2
290539,6
290557,18
290593,36
290597,4
290611,14
290617,6
290621,4
290623,2
290627,4
290657,30
290659,2
290663,4
290669,6
290671,2
290677,6
290701,24
290707,6
290711,4
290737,26
290761,24
290767,6
290791,24
290803,12
290821,18
290827,6
290837,10
290839,2
290861,22
290869,8
290879,10
290897,18
290923,26
290959,36
290963,4
290971,8
290987,16
290993,6
290999,6
291007,8
291013,6
291037,24
291041,4
291043,2
291077,34
291089,12
291101,12
291103,2
291107,4
291113,6
291143,30
291167,24
291169,2
291173,4
291191,18
291199,8
291209,10
291217,8
291253,36
291257,4
291271,14
291287,16
291293,6
291299,6
291331,32
291337,6
291349,12
291359,10
291367,8
291371,4
291373,2
291377,4
291419,42
291437,18
291439,2
291443,4
291457,14
291481,24
291491,10
291503,12
291509,6
291521,12
291539,18
291547,8
291559,12
291563,4
291569,6
291619,50
291647,28
291649,2
291661,12
291677,16
291689,12
291691,2
291701,10
291721,20
291727,6
291743,16
291751,8
291779,28
291791,12
291817,26
291829,12
291833,4
291853,20
291857,4
291869,12
291877,8
291887,10
291899,12
291901,2
291923,22
291971,48
291979,8
291983,4
291997,14
292021,24
292027,6
292037,10
292057,20
292069,12
292079,10
292081,2
292091,10
292093,2
292133,40
292141,8
292147,6
292157,10
292181,24
292183,2
292223,40
292231,8
292241,10
292249,8
292267,18
292283,16
292301,18
292309,8
292319,10
292343,24
292351,8
292363,12
292367,4
292381,14
292393,12
292427,34
292441,14
292459,18
292469,10
292471,2
292477,6
292483,6
292489,6
292493,4
292517,24
292531,14
292541,10
292549,8
292561,12
292573,12
292577,4
292601,24
292627,26
292631,4
292661,30
292667,6
292673,6
292679,6
292693,14
292703,10
292709,6
292711,2
292717,6
292727,10
292753,26
292759,6
292777,18
292793,16
292801,8
292807,6
292819,12
292837,18
292841,4
292849,8
292867,18
292879,12
292909,30
292921,12
292933,12
292969,36
292973,4
292979,6
292993,14
293021,28
293071,50
293081,10
293087,6
293093,6
293099,6
293107,8
293123,16
293129,6
293147,18
293149,2
293173,24
293177,4
293179,2
293201,22
293207,6
293213,6
293221,8
293257,36
293261,4
293263,2
293269,6
293311,42
293329,18
293339,10
293351,12
293357,6
293399,42
293413,14
293431,18
293441,10
293453,12
293459,6
293467,8
293473,6
293483,10
293507,24
293543,36
293599,56
293603,4
293617,14
293621,4
293633,12
293639,6
293651,12
293659,8
293677,18
293681,4
293701,20
293717,16
293723,6
293729,6
293749,20
293767,18
293773,6
293791,18
293803,12
293827,24
293831,4
293861,30
293863,2
293893,30
293899,6
293941,42
293957,16
293983,26
293989,6
293999,10
294001,2
294013,12
294023,10
294029,6
294043,14
294053,10
294059,6
294067,8
294103,36
294127,24
294131,4
294149,18
294157,8
294167,10
294169,2
294179,10
294181,2
294199,18
294211,12
294223,12
294227,4
294241,14
294247,6
294251,4
294269,18
294277,8
294289,12
294293,4
294311,18
294313,2
294317,4
294319,2
294337,18
294341,4
294347,6
294353,6
294383,30
294391,8
294397,6
294403,6
294431,28
294439,8
294461,22
294467,6
294479,12
294499,20
294509,10
294523,14
294529,6
294551,22
294563,12
294629,66
294641,12
294647,6
294649,2
294659,10
294673,14
294703,30
294731,28
294751,20
294757,6
294761,4
294773,12
294781,8
294787,6
294793,6
294799,6
294803,4
294809,6
294821,12
294829,8
294859,30
294869,10
294887,18
294893,6
294911,18
294919,8
294923,4
294947,24
294949,2
294953,4
294979,26
294989,10
294991,2
294997,6
295007,10
295033,26
295037,4
295039,2
295049,10
295073,24
295079,6
295081,2
295111,30
295123,12
295129,6
295153,24
295187,34
295199,12
295201,2
295219,18
295237,18
295247,10
295259,12
295271,12
295277,6
295283,6
295291,8
295313,22
295319,6
295333,14
295357,24
295363,6
295387,24
295411,24
295417,6
295429,12
295433,4
295439,6
295441,2
295459,18
295513,54
295517,4
295541,24
295553,12
295567,14
295571,4
295591,20
295601,10
295663,62
295693,30
295699,6
295703,4
295727,24
295751,24
295759,8
295769,10
295777,8
295787,10
295819,32
295831,12
295837,6
295843,6
295847,4
295853,6
295861,8
295871,10
295873,2
295877,4
295879,2
295901,22
295903,2
295909,6
295937,28
295943,6
295949,6
295951,2
295961,10
295973,12
295993,20
296011,18
296017,6
296027,10
296041,14
296047,6
296071,24
296083,12
296099,16
296117,18
296129,12
296137,8
296159,22
296183,24
296201,18
296213,12
296221,8
296237,16
296243,6
296249,6
296251,2
296269,18
296273,4
296279,6
296287,8
296299,12
296347,48
296353,6
296363,10
296369,6
296377,8
296437,60
296441,4
296473,32
296477,4
296479,2
296489,10
296503,14
296507,4
296509,2
296519,10
296551,32
296557,6
296561,4
296563,2
296579,16
296581,2
296587,6
296591,4
296627,36
296651,24
296663,12
296669,6
296683,14
296687,4
296693,6
296713,20
296719,6
296729,10
296731,2
296741,10
296749,8
296753,4
296767,14
296771,4
296773,2
296797,24
296801,4
296819,18
296827,8
296831,4
296833,2
296843,10
296909,66
296911,2
296921,10
296929,8
296941,12
296969,28
296971,2
296981,10
296983,2
296987,4
297019,32
297023,4
297049,26
297061,12
297067,6
297079,12
297083,4
297097,14
297113,16
297133,20
297151,18
297161,10
297169,8
297191,22
297233,42
297247,14
297251,4
297257,6
297263,6
297289,26
297317,28
297359,42
297371,12
297377,6
297391,14
297397,6
297403,6
297421,18
297439,18
297457,18
297467,10
297469,2
297481,12
297487,6
297503,16
297509,6
297523,14
297533,10
297581,48
297589,8
297601,12
297607,6
297613,6
297617,4
297623,6
297629,6
297641,12
297659,18
297683,24
297691,8
297707,16
297719,12
297727,8
297757,30
297779,22
297793,14
297797,4
297809,12
297811,2
297833,22
297841,8
297853,12
297881,28
297889,8
297893,4
297907,14
297911,4
297931,20
297953,22
297967,14
297971,4
297989,18
297991,2
298013,22
298021,8
298031,10
298043,12
298049,6
298063,14
298087,24
298093,6
298099,6
298153,54
298157,4
298159,2
298169,10
298171,2
298187,16
298201,14
298211,10
298213,2
298223,10
298237,14
298247,10
298261,14
298283,22
298303,20
298307,4
298327,20
298339,12
298343,4
298349,6
298369,20
298373,4
298399,26
298409,10
298411,2
298427,16
298451,24
298477,26
298483,6
298513,30
298559,46
298579,20
298583,4
298589,6
298601,12
298607,6
298621,14
298631,10
298651,20
298667,16
298679,12
298681,2
298687,6
298691,4
298693,2
298709,16
298723,14
298733,10
298757,24
298759,2
298777,18
298799,22
298801,2
298817,16
298819,2
298841,22
298847,6
298853,6
298861,8
298897,36
298937,40
298943,6
298993,50
298999,6
299011,12
299017,6
299027,10
299029,2
299053,24
299059,6
299063,4
299087,24
299099,12
299107,8
299113,6
299137,24
299147,10
299171,24
299179,8
299191,12
299197,6
299213,16
299239,26
299261,22
299281,20
299287,6
299311,24
299317,6
299329,12
299333,4
299357,24
299359,2
299363,4
299371,8
299389,18
299393,4
299401,8
299417,16
299419,2
299447,28
299471,24
299473,2
299477,4
299479,2
299501,22
299513,12
299521,8
299527,6
299539,12
299567,28
299569,2
299603,34
299617,14
299623,6
299653,30
299671,18
299681,10
299683,2
299699,16
299701,2
299711,10
299723,12
299731,8
299743,12
299749,6
299771,22
299777,6
299807,30
299843,36
299857,14
299861,4
299881,20
299891,10
299903,12
299909,6
299933,24
299941,8
299951,10
299969,18
299977,8
299983,6
299993,10
