200003,4
200009,6
200017,8
200023,6
200029,6
200033,4
200041,8
200063,22
200087,24
200117,30
200131,14
200153,22
200159,6
200171,12
200177,6
200183,6
200191,8
200201,10
200227,26
200231,4
200237,6
200257,20
200273,16
200293,20
200297,4
200323,26
200329,6
200341,12
200351,10
200357,6
200363,6
200371,8
200381,10
200383,2
200401,18
200407,6
200437,30
200443,6
200461,18
200467,6
200483,16
200513,30
200569,56
200573,4
200579,6
200587,8
200591,4
200597,6
200609,12
200639,30
200657,18
200671,14
200689,18
200699,10
200713,14
200723,10
200731,8
200771,40
200779,8
200789,10
200797,8
200807,10
200843,36
200861,18
200867,6
200869,2
200881,12
200891,10
200899,8
200903,4
200909,6
200927,18
200929,2
200971,42
200983,12
200987,4
200989,2
201007,18
201011,4
201031,20
201037,6
201049,12
201073,24
201101,28
201107,6
201119,12
201121,2
201139,18
201151,12
201163,12
201167,4
201193,26
201203,10
201209,6
201211,2
201233,22
201247,14
201251,4
201281,30
201287,6
201307,20
201329,22
201337,8
201359,22
201389,30
201401,12
201403,2
201413,10
201437,24
201449,12
201451,2
201473,22
201491,18
201493,2
201497,4
201499,2
201511,12
201517,6
201547,30
201557,10
201577,20
201581,4
201589,8
201599,10
201611,12
201623,12
201629,6
201653,24
201661,8
201667,6
201673,6
201683,10
201701,18
201709,8
201731,22
201743,12
201757,14
201767,10
201769,2
201781,12
201787,6
201791,4
201797,6
201809,12
201821,12
201823,2
201827,4
201829,2
201833,4
201847,14
201881,34
201889,8
201893,4
201907,14
201911,4
201919,8
201923,4
201937,14
201947,10
201953,6
201961,8
201973,12
201979,6
201997,18
202001,4
202021,20
202031,10
202049,18
202061,12
202063,2
202067,4
202087,20
202099,12
202109,10
202121,12
202127,6
202129,2
202183,54
202187,4
202201,14
202219,18
202231,12
202243,12
202277,34
202289,12
202291,2
202309,18
202327,18
202339,12
202343,4
202357,14
202361,4
202381,20
202387,6
202393,6
202403,10
202409,6
202441,32
202471,30
202481,10
202493,12
202519,26
202529,10
202549,20
202567,18
202577,10
202591,14
202613,22
202621,8
202627,6
202637,10
202639,2
202661,22
202667,6
202679,12
202693,14
202717,24
202729,12
202733,4
202747,14
202751,4
202753,2
202757,4
202777,20
202799,22
202817,18
202823,6
202841,18
202859,18
202877,18
202879,2
202889,10
202907,18
202921,14
202931,10
202933,2
202949,16
202967,18
202973,6
202981,8
202987,6
202999,12
203011,12
203017,6
203023,6
203039,16
203051,12
203057,6
203117,60
203141,24
203173,32
203183,10
203207,24
203209,2
203213,4
203221,8
203227,6
203233,6
203249,16
203279,30
203293,14
203309,16
203311,2
203317,6
203321,4
203323,2
203339,16
203341,2
203351,10
203353,2
203363,10
203381,18
203383,2
203387,4
203393,6
203417,24
203419,2
203429,10
203431,2
203449,18
203459,10
203461,2
203531,70
203549,18
203563,14
203569,6
203579,10
203591,12
203617,26
203627,10
203641,14
203653,12
203657,4
203659,2
203663,4
203669,6
203713,44
203761,48
203767,6
203771,4
203773,2
203789,16
203807,18
203809,2
203821,12
203843,22
203857,14
203869,12
203873,4
203897,24
203909,12
203911,2
203921,10
203947,26
203953,6
203969,16
203971,2
203977,6
203989,12
203999,10
204007,8
204013,6
204019,6
204023,4
204047,24
204059,12
204067,8
204101,34
204107,6
204133,26
204137,4
204143,6
204151,8
204161,10
204163,2
204173,10
204233,60
204251,18
204299,48
204301,2
204311,10
204319,8
204329,10
204331,2
204353,22
204359,6
204361,2
204367,6
204371,4
204377,6
204397,20
204427,30
204431,4
204437,6
204439,2
204443,4
204461,18
204481,20
204487,6
204509,22
204511,2
204517,6
204521,4
204557,36
204563,6
204583,20
204587,4
204599,12
204601,2
204613,12
204623,10
204641,18
204667,26
204679,12
204707,28
204719,12
204733,14
204749,16
204751,2
204781,30
204791,10
204793,2
204797,4
204803,6
204821,18
204857,36
204859,2
204871,12
204887,16
204913,26
204917,4
204923,6
204931,8
204947,16
204973,26
204979,6
204983,4
205019,36
205031,12
205033,2
205043,10
205063,20
205069,6
205081,12
205097,16
205103,6
205111,8
205129,18
205133,4
205141,8
205151,10
205157,6
205171,14
205187,16
205201,14
205211,10
205213,2
205223,10
205237,14
205253,16
205267,14
205297,30
205307,10
205319,12
205327,8
205339,12
205357,18
205391,34
205397,6
205399,2
205417,18
205421,4
205423,2
205427,4
205433,6
205441,8
205453,12
205463,10
205477,14
205483,6
205487,4
205493,6
205507,14
205519,12
205529,10
205537,8
205549,12
205553,4
205559,6
205589,30
205603,14
205607,4
205619,12
205627,8
205633,6
205651,18
205657,6
205661,4
205663,2
205703,40
205721,18
205759,38
205763,4
205783,20
205817,34
205823,6
205837,14
205847,10
205879,32
205883,4
205913,30
205937,24
205949,12
205951,2
205957,6
205963,6
205967,4
205981,14
205991,10
205993,2
206009,16
206021,12
206027,6
206033,6
206039,6
206047,8
206051,4
206069,18
206077,8
206081,4
206083,2
206123,40
206153,30
206177,24
206179,2
206183,4
206191,8
206197,6
206203,6
206209,6
206221,12
206233,12
206237,4
206249,12
206251,2
206263,12
206273,10
206279,6
206281,2
206291,10
206299,8
206303,4
206341,38
206347,6
206351,4
206369,18
206383,14
206399,16
206407,8
206411,4
206413,2
206419,6
206447,28
206461,14
206467,6
206477,10
206483,6
206489,6
206501,12
206519,18
206527,8
206543,16
206551,8
206593,42
206597,4
206603,6
206623,20
206627,4
206639,12
206641,2
206651,10
206699,48
206749,50
206779,30
206783,4
206803,20
206807,4
206813,6
206819,6
206821,2
206827,6
206879,52
206887,8
206897,10
206909,12
206911,2
206917,6
206923,6
206933,10
206939,6
206951,12
206953,2
206993,40
207013,20
207017,4
207029,12
207037,8
207041,4
207061,20
207073,12
207079,6
207113,34
207121,8
207127,6
207139,12
207169,30
207187,18
207191,4
207197,6
207199,2
207227,28
207239,12
207241,2
207257,16
207269,12
207287,18
207293,6
207301,8
207307,6
207329,22
207331,2
207341,10
207343,2
207367,24
207371,4
207377,6
207401,24
207409,8
207433,24
207443,10
207457,14
207463,6
207469,6
207479,10
207481,2
207491,10
207497,6
207509,12
207511,2
207517,6
207521,4
207523,2
207541,18
207547,6
207551,4
207563,12
207569,6
207589,20
207593,4
207619,26
207629,10
207643,14
207653,10
207661,8
207671,10
207673,2
207679,6
207709,30
207719,10
207721,2
207743,22
207763,20
207769,6
207797,28
207799,2
207811,12
207821,10
207833,12
207847,14
207869,22
207877,8
207923,46
207931,8
207941,10
207947,6
207953,6
207967,14
207971,4
207973,2
207997,24
208001,4
208003,2
208009,6
208037,28
208049,12
208057,8
208067,10
208073,6
208099,26
208111,12
208121,10
208129,8
208139,10
208141,2
208147,6
208189,42
208207,18
208213,6
208217,4
208223,6
208231,8
208253,22
208261,8
208277,16
208279,2
208283,4
208291,8
208309,18
208319,10
208333,14
208337,4
208367,30
208379,12
208387,8
208391,4
208393,2
208409,16
208433,24
208441,8
208457,16
208459,2
208463,4
208469,6
208489,20
208493,4
208499,6
208501,2
208511,10
208513,2
208519,6
208529,10
208553,24
208577,24
208589,12
208591,2
208609,18
208627,18
208631,4
208657,26
208667,10
208673,6
208687,14
208697,10
208699,2
208721,22
208729,8
208739,10
208759,20
208787,28
208799,12
208807,8
208837,30
208843,6
208877,34
208889,12
208891,2
208907,16
208927,20
208931,4
208933,2
208961,28
208963,2
208991,28
208993,2
208997,4
209021,24
209029,8
209039,10
209063,24
209071,8
209089,18
209123,34
209147,24
209159,12
209173,14
209179,6
209189,10
209201,12
209203,2
209213,10
209221,8
209227,6
209233,6
209249,16
209257,8
209263,6
209267,4
209269,2
209299,30
209311,12
209317,6
209327,10
209333,6
209347,14
209353,6
209357,4
209359,2
209371,12
209381,10
209393,12
209401,8
209431,30
209441,10
209449,8
209459,10
209471,12
209477,6
209497,20
209519,22
209533,14
209543,10
209549,6
209563,14
209567,4
209569,2
209579,10
209581,2
209597,16
209621,24
209623,2
209639,16
209647,8
209659,12
209669,10
209687,18
209701,14
209707,6
209717,10
209719,2
209743,24
209767,24
209771,4
209789,18
209801,12
209809,8
209813,4
209819,6
209821,2
209837,16
209851,14
209857,6
209861,4
209887,26
209917,30
209927,10
209929,2
209939,10
209953,14
209959,6
209971,12
209977,6
209983,6
209987,4
210011,24
210019,8
210031,12
210037,6
210053,16
210071,18
210097,26
210101,4
210109,8
210113,4
210127,14
210131,4
210139,8
210143,4
210157,14
210169,12
210173,4
210187,14
210191,4
210193,2
210209,16
210229,20
210233,4
210241,8
210247,6
210257,10
210263,6
210277,14
210283,6
210299,16
210317,18
210319,2
210323,4
210347,24
210359,12
210361,2
210391,30
210401,10
210403,2
210407,4
210421,14
210437,16
210461,24
210467,6
210481,14
210487,6
210491,4
210499,8
210523,24
210527,4
210533,6
210557,24
210599,42
210601,2
210619,18
210631,12
210643,12
210659,16
210671,12
210709,38
210713,4
210719,6
210731,12
210739,8
210761,22
210773,12
210803,30
210809,6
210811,2
210823,12
210827,4
210839,12
210853,14
210857,4
210869,12
210901,32
210907,6
210911,4
210913,2
210923,10
210929,6
210943,14
210961,18
210967,6
211007,40
211039,32
211049,10
211051,2
211061,10
211063,2
211067,4
211073,6
211093,20
211097,4
211129,32
211151,22
211153,2
211177,24
211187,10
211193,6
211199,6
211213,14
211217,4
211219,2
211229,10
211231,2
211241,10
211247,6
211271,24
211283,12
211291,8
211297,6
211313,16
211319,6
211333,14
211339,6
211349,10
211369,20
211373,4
211403,30
211427,24
211433,6
211441,8
211457,16
211469,12
211493,24
211499,6
211501,2
211507,6
211543,36
211559,16
211571,12
211573,2
211583,10
211597,14
211619,22
211639,20
211643,4
211657,14
211661,4
211663,2
211681,18
211691,10
211693,2
211711,18
211723,12
211727,4
211741,14
211747,6
211777,30
211781,4
211789,8
211801,12
211811,10
211817,6
211859,42
211867,8
211873,6
211877,4
211879,2
211889,10
211891,2
211927,36
211931,4
211933,2
211943,10
211949,6
211969,20
211979,10
211997,18
212029,32
212039,10
212057,18
212081,24
212099,18
212117,18
212123,6
212131,8
212141,10
212161,20
212167,6
212183,16
212203,20
212207,4
212209,2
212227,18
212239,12
212243,4
212281,38
212293,12
212297,4
212353,56
212369,16
212383,14
212411,28
212419,8
212423,4
212437,14
212447,10
212453,6
212461,8
212467,6
212479,12
212501,22
212507,6
212557,50
212561,4
212573,12
212579,6
212587,8
212593,6
212627,34
212633,6
212651,18
212669,18
212671,2
212677,6
212683,6
212701,18
212777,76
212791,14
212801,10
212827,26
212837,10
212843,6
212851,8
212867,16
212869,2
212873,4
212881,8
212897,16
212903,6
212909,6
212917,8
212923,6
212969,46
212981,12
212987,6
212999,12
213019,20
213023,4
213029,6
213043,14
213067,24
213079,12
213091,12
213097,6
213119,22
213131,12
213133,2
213139,6
213149,10
213173,24
213181,8
213193,12
213203,10
213209,6
213217,8
213223,6
213229,6
213247,18
213253,6
213263,10
213281,18
213287,6
213289,2
213307,18
213319,12
213329,10
213337,8
213349,12
213359,10
213361,2
213383,22
213391,8
213397,6
213407,10
213449,42
213461,12
213467,6
213481,14
213491,10
213523,32
213533,10
213539,6
213553,14
213557,4
213589,32
213599,10
213611,12
213613,2
213623,10
213637,14
213641,4
213649,8
213659,10
213713,54
213721,8
213727,6
213737,10
213751,14
213791,40
213799,8
213821,22
213827,6
213833,6
213847,14
213859,12
213881,22
213887,6
213901,14
213919,18
213929,10
213943,14
213947,4
213949,2
213953,4
213973,20
213977,4
213989,12
214003,14
214007,4
214009,2
214021,12
214031,10
214033,2
214043,10
214051,8
214063,12
214069,6
214087,18
214091,4
214129,38
214133,4
214141,8
214147,6
214163,16
214177,14
214189,12
214211,22
214213,2
214219,6
214237,18
214243,6
214259,16
214283,24
214297,14
214309,12
214351,42
214363,12
214373,10
214381,8
214391,10
214399,8
214433,34
214439,6
214451,12
214457,6
214463,6
214469,6
214481,12
214483,2
214499,16
214507,8
214517,10
214519,2
214531,12
214541,10
214559,18
214561,2
214589,28
214603,14
214607,4
214631,24
214639,8
214651,12
214657,6
214663,6
214667,4
214673,6
214691,18
214723,32
214729,6
214733,4
214741,8
214759,18
214763,4
214771,8
214783,12
214787,4
214789,2
214807,18
214811,4
214817,6
214831,14
214849,18
214853,4
214867,14
214883,16
214891,8
214913,22
214939,26
214943,4
214967,24
214987,20
214993,6
215051,58
215063,12
215077,14
215087,10
215123,36
215141,18
215143,2
215153,10
215161,8
215179,18
215183,4
215191,8
215197,6
215239,42
215249,10
215261,12
215273,12
215279,6
215297,18
215309,12
215317,8
215329,12
215351,22
215353,2
215359,6
215381,22
215389,8
215393,4
215399,6
215417,18
215443,26
215447,4
215459,12
215461,2
215471,10
215483,12
215497,14
215503,6
215507,4
215521,14
215531,10
215563,32
215573,10
215587,14
215617,30
215653,36
215659,6
215681,22
215687,6
215689,2
215693,4
215723,30
215737,14
215753,16
215767,14
215771,4
215797,26
215801,4
215827,26
215833,6
215843,10
215851,8
215857,6
215863,6
215893,30
215899,6
215909,10
215921,12
215927,6
215939,12
215953,14
215959,6
215981,22
215983,2
216023,40
216037,14
216061,24
216071,10
216091,20
216103,12
216107,4
216113,6
216119,6
216127,8
216133,6
216149,16
216157,8
216173,16
216179,6
216211,32
216217,6
216233,16
216259,26
216263,4
216289,26
216317,28
216319,2
216329,10
216347,18
216371,24
216373,2
216379,6
216397,18
216401,4
216421,20
216431,10
216451,20
216481,30
216493,12
216509,16
216523,14
216551,28
216553,2
216569,16
216571,2
216577,6
216607,30
216617,10
216641,24
216647,6
216649,2
216653,4
216661,8
216679,18
216703,24
216719,16
216731,12
216743,12
216751,8
216757,6
216761,4
216779,18
216781,2
216787,6
216791,4
216803,12
216829,26
216841,12
216851,10
216859,8
216877,18
216899,22
216901,2
216911,10
216917,6
216919,2
216947,28
216967,20
216973,6
216991,18
217001,10
217003,2
217027,24
217033,6
217057,24
217069,12
217081,12
217111,30
217117,6
217121,4
217157,36
217163,6
217169,6
217199,30
217201,2
217207,6
217219,12
217223,4
217229,6
217241,12
217253,12
217271,18
217307,36
217309,2
217313,4
217319,6
217333,14
217337,4
217339,2
217351,12
217361,10
217363,2
217367,4
217369,2
217387,18
217397,10
217409,12
217411,2
217421,10
217429,8
217439,10
217457,18
217463,6
217489,26
217499,10
217517,18
217519,2
217559,40
217561,2
217573,12
217577,4
217579,2
217619,40
217643,24
217661,18
217667,6
217681,14
217687,6
217691,4
217697,6
217717,20
217727,10
217733,6
217739,6
217747,8
217771,24
217781,10
217793,12
217823,30
217829,6
217849,20
217859,10
217901,42
217907,6
217909,2
217933,24
217937,4
217969,32
217979,10
217981,2
218003,22
218021,18
218047,26
218069,22
218077,8
218081,4
218083,2
218087,4
218107,20
218111,4
218117,6
218131,14
218137,6
218143,6
218149,6
218171,22
218191,20
218213,22
218227,14
218233,6
218249,16
218279,30
218287,8
218357,70
218363,6
218371,8
218381,10
218389,8
218401,12
218417,16
218419,2
218423,4
218437,14
218447,10
218453,6
218459,6
218461,2
218479,18
218509,30
218513,4
218521,8
218527,6
218531,4
218549,18
218551,2
218579,28
218591,12
218599,8
218611,12
218623,12
218627,4
218629,2
218641,12
218651,10
218657,6
218677,20
218681,4
218711,30
218717,6
218719,2
218723,4
218737,14
218749,12
218761,12
218783,22
218797,14
218809,12
218819,10
218833,14
218839,6
218843,4
218849,6
218857,8
218873,16
218887,14
218923,36
218941,18
218947,6
218963,16
218969,6
218971,2
218987,16
218989,2
218993,4
219001,8
219017,16
219019,2
219031,12
219041,10
219053,12
219059,6
219071,12
219083,12
219091,8
219097,6
219103,6
219119,16
219133,14
219143,10
219169,26
219187,18
219217,30
219223,6
219251,28
219277,26
219281,4
219293,12
219301,8
219311,10
219313,2
219353,40
219361,8
219371,10
219377,6
219389,12
219407,18
219409,2
219433,24
219437,4
219451,14
219463,12
219467,4
219491,24
219503,12
219517,14
219523,6
219529,6
219533,4
219547,14
219577,30
219587,10
219599,12
219607,8
219613,6
219619,6
219629,10
219647,18
219649,2
219677,28
219679,2
219683,4
219689,6
219707,18
219721,14
219727,6
219731,4
219749,18
219757,8
219761,4
219763,2
219767,4
219787,20
219797,10
219799,2
219809,10
219823,14
219829,6
219839,10
219847,8
219851,4
219871,20
219881,10
219889,8
219911,22
219917,6
219931,14
219937,6
219941,4
219943,2
219953,10
219959,6
219971,12
219977,6
219979,2
219983,4
220009,26
220013,4
220019,6
220021,2
220057,36
220063,6
220123,60
220141,18
220147,6
220151,4
220163,12
220169,6
220177,8
220189,12
220217,28
220243,26
220279,36
220291,12
220301,10
220307,6
220327,20
220333,6
220351,18
220357,6
220361,4
220369,8
220373,4
220391,18
220399,8
220403,4
220411,8
220421,10
220447,26
220469,22
220471,2
220511,40
220513,2
220529,16
220537,8
220543,6
220553,10
220559,6
220573,14
220579,6
220589,10
220613,24
220663,50
220667,4
220673,6
220681,8
220687,6
220699,12
220709,10
220721,12
220747,26
220757,10
220771,14
220783,12
220789,6
220793,4
220807,14
220811,4
220841,30
220859,18
220861,2
220873,12
220877,4
220879,2
220889,10
220897,8
220901,4
220903,2
220907,4
220919,12
220931,12
220933,2
220939,6
220973,34
221021,48
221047,26
221059,12
221069,10
221071,2
221077,6
221083,6
221087,4
221093,6
221101,8
221159,58
221171,12
221173,2
221197,24
221201,4
221203,2
221209,6
221219,10
221227,8
221233,6
221239,6
221251,12
221261,10
221281,20
221303,22
221311,8
221317,6
221327,10
221393,66
221399,6
221401,2
221411,10
221413,2
221447,34
221453,6
221461,8
221471,10
221477,6
221489,12
221497,8
221509,12
221537,28
221539,2
221549,10
221567,18
221581,14
221587,6
221603,16
221621,18
221623,2
221653,30
221657,4
221659,2
221671,12
221677,6
221707,30
221713,6
221717,4
221719,2
221723,4
221729,6
221737,8
221747,10
221773,26
221797,24
221807,10
221813,6
221827,14
221831,4
221849,18
221873,24
221891,18
221909,18
221941,32
221951,10
221953,2
221957,4
221987,30
221989,2
221999,10
222007,8
222011,4
222023,12
222029,6
222041,12
222043,2
222059,16
222067,8
222073,6
222107,34
222109,2
222113,4
222127,14
222137,10
222149,12
222151,2
222161,10
222163,2
222193,30
222197,4
222199,2
222247,48
222269,22
222289,20
222293,4
222311,18
222317,6
222323,6
222329,6
222337,8
222347,10
222349,2
222361,12
222367,6
222379,12
222389,10
222403,14
222419,16
222437,18
222461,24
222493,32
222499,6
222511,12
222527,16
222533,6
222553,20
222557,4
222587,30
222601,14
222613,12
222619,6
222643,24
222647,4
222659,12
222679,20
222707,28
222713,6
222731,18
222773,42
222779,6
222787,8
222791,4
222793,2
222799,6
222823,24
222839,16
222841,2
222857,16
222863,6
222877,14
222883,6
222913,30
222919,6
222931,12
222941,10
222947,6
222953,6
222967,14
222977,10
222979,2
222991,12
223007,16
223009,2
223019,10
223037,18
223049,12
223051,2
223061,10
223063,2
223087,24
223099,12
223103,4
223129,26
223133,4
223151,18
223207,56
223211,4
223217,6
223219,2
223229,10
223241,12
223243,2
223247,4
223253,6
223259,6
223273,14
223277,4
223283,6
223291,8
223303,12
223313,10
223319,6
223331,12
223337,6
223339,2
223361,22
223367,6
223381,14
223403,22
223423,20
223429,6
223439,10
223441,2
223463,22
223469,6
223481,12
223493,12
223507,14
223529,22
223543,14
223547,4
223549,2
223577,28
223589,12
223621,32
223633,12
223637,4
223667,30
223679,12
223681,2
223697,16
223711,14
223747,36
223753,6
223757,4
223759,2
223781,22
223823,42
223829,6
223831,2
223837,6
223841,4
223843,2
223849,6
223903,54
223919,16
223921,2
223939,18
223963,24
223969,6
223999,30
224011,12
224027,16
224033,6
224041,8
224047,6
224057,10
224069,12
224071,2
224101,30
224113,12
224129,16
224131,2
224149,18
224153,4
224171,18
224177,6
224197,20
224201,4
224209,8
224221,12
224233,12
224239,6
224251,12
224261,10
224267,6
224291,24
224299,8
224303,4
224309,6
224317,8
224327,10
224351,24
224359,8
224363,4
224401,38
224423,22
224429,6
224443,14
224449,6
224461,12
224467,6
224473,6
224491,18
224501,10
224513,12
224527,14
224563,36
224569,6
224579,10
224591,12
224603,12
224611,8
224617,6
224629,12
224633,4
224669,36
224677,8
224683,6
224699,16
224711,12
224717,6
224729,12
224737,8
224743,6
224759,16
224771,12
224797,26
224813,16
224831,18
224863,32
224869,6
224881,12
224891,10
224897,6
224909,12
224911,2
224921,10
224929,8
224947,18
224951,4
224969,18
224977,8
224993,16
225023,30
225037,14
225061,24
225067,6
225077,10
225079,2
225089,10
225109,20
225119,10
225133,14
225143,10
225149,6
225157,8
225161,4
225163,2
225167,4
225217,50
225221,4
225223,2
225227,4
225241,14
225257,16
225263,6
225287,24
225289,2
225299,10
225307,8
225341,34
225343,2
225347,4
225349,2
225353,4
225371,18
225373,2
225383,10
225427,44
225431,4
225457,26
225461,4
225479,18
225493,14
225499,6
225503,4
225509,6
225523,14
225527,4
225529,2
225569,40
225581,12
225583,2
225601,18
225611,10
225613,2
225619,6
225629,10
225637,8
225671,34
225683,12
225689,6
225697,8
225721,24
225733,12
225749,16
225751,2
225767,16
225769,2
225779,10
225781,2
225809,28
225821,12
225829,8
225839,10
225859,20
225871,12
225889,18
225919,30
225931,12
225941,10
225943,2
225949,6
225961,12
225977,16
225983,6
225989,6
226001,12
226007,6
226013,6
226027,14
226063,36
226087,24
226099,12
226103,4
226123,20
226129,6
226133,4
226141,8
226169,28
226183,14
226189,6
226199,10
226201,2
226217,16
226231,14
226241,10
226267,26
226283,16
226307,24
226313,6
226337,24
226357,20
226367,10
226379,12
226381,2
226397,16
226409,12
226427,18
226433,6
226451,18
226453,2
226463,10
226483,20
226487,4
226511,24
226531,20
226547,16
226549,2
226553,4
226571,18
226601,30
226609,8
226621,12
226631,10
226637,6
226643,6
226649,6
226657,8
226663,6
226669,6
226691,22
226697,6
226741,44
226753,12
226769,16
226777,8
226783,6
226789,6
226799,10
226813,14
226817,4
226819,2
226823,4
226843,20
226871,28
226901,30
226903,2
226907,4
226913,6
226937,24
226943,6
226991,48
227011,20
227027,16
227053,26
227081,28
227089,8
227093,4
227111,18
227113,2
227131,18
227147,16
227153,6
227159,6
227167,8
227177,10
227189,12
227191,2
227207,16
227219,12
227231,12
227233,2
227251,18
227257,6
227267,10
227281,14
227299,18
227303,4
227363,60
227371,8
227377,6
227387,10
227393,6
227399,6
227407,8
227419,12
227431,12
227453,22
227459,6
227467,8
227471,4
227473,2
227489,16
227497,8
227501,4
227519,18
227531,12
227533,2
227537,4
227561,24
227567,6
227569,2
227581,12
227593,12
227597,4
227603,6
227609,6
227611,2
227627,16
227629,2
227651,22
227653,2
227663,10
227671,8
227693,22
227699,6
227707,8
227719,12
227729,10
227743,14
227789,46
227797,8
227827,30
227849,22
227869,20
227873,4
227893,20
227947,54
227951,4
227977,26
227989,12
227993,4
228013,20
228023,10
228049,26
228061,12
228077,16
228097,20
228103,6
228113,10
228127,14
228131,4
228139,8
228181,42
228197,16
228199,2
228203,4
228211,8
228223,12
228233,10
228251,18
228257,6
228281,24
228299,18
228301,2
228307,6
228311,4
228331,20
228337,6
228341,4
228353,12
228359,6
228383,24
228409,26
228419,10
228421,2
228427,6
228443,16
228451,8
228457,6
228461,4
228469,8
228479,10
228509,30
228511,2
228517,6
228521,4
228523,2
228539,16
228559,20
228577,18
228581,4
228587,6
228593,6
228601,8
228611,10
228617,6
228619,2
228637,18
228647,10
228677,30
228707,30
228713,6
228731,18
228733,2
228737,4
228751,14
228757,6
228773,16
228793,20
228797,4
228799,2
228829,30
228841,12
228847,6
228853,6
228859,6
228869,10
228881,12
228883,2
228887,4
228901,14
228911,10
228913,2
228923,10
228929,6
228953,24
228959,6
228961,2
228983,22
228989,6
229003,14
229027,24
229037,10
229081,44
229093,12
229123,30
229127,4
229133,6
229139,6
229153,14
229157,4
229171,14
229181,10
229189,8
229199,10
229213,14
229217,4
229223,6
229237,14
229247,10
229249,2
229253,4
229261,8
229267,6
229283,16
229309,26
229321,12
229343,22
229351,8
229373,22
229393,20
229399,6
229403,4
229409,6
229423,14
229433,10
229459,26
229469,10
229487,18
229499,12
229507,8
229519,12
229529,10
229547,18
229549,2
229553,4
229561,8
229583,22
229589,6
229591,2
229601,10
229613,12
229627,14
229631,4
229637,6
229639,2
229681,42
229693,12
229699,6
229703,4
229711,8
229717,6
229727,10
229739,12
229751,12
229753,2
229759,6
229763,4
229769,6
229771,2
229777,6
229781,4
229799,18
229813,14
229819,6
229837,18
229841,4
229847,6
229849,2
229897,48
229903,6
229937,34
229939,2
229949,10
229961,12
229963,2
229979,16
229981,2
230003,22
230017,14
230047,30
230059,12
230063,4
230077,14
230081,4
230089,8
230101,12
230107,6
230117,10
230123,6
230137,14
230143,6
230149,6
230189,40
230203,14
230213,10
230221,8
230227,6
230233,6
230239,6
230257,18
230273,16
230281,8
230291,10
230303,12
230309,6
230311,2
230327,16
230339,12
230341,2
230353,12
230357,4
230369,12
230383,14
230387,4
230389,2
230393,4
230431,38
230449,18
230453,4
230467,14
230471,4
230479,8
230501,22
230507,6
230539,32
230551,12
230561,10
230563,2
230567,4
230597,30
230611,14
230647,36
230653,6
230663,10
230683,20
230693,10
230719,26
230729,10
230743,14
230761,18
230767,6
230771,4
230773,2
230779,6
230807,28
230819,12
230827,8
230833,6
230849,16
230861,12
230863,2
230873,10
230891,18
230929,38
230933,4
230939,6
230941,2
230959,18
230969,10
230977,8
230999,22
231001,2
231017,16
231019,2
231031,12
231041,10
231053,12
231067,14
231079,12
231107,28
231109,2
231131,22
231169,38
231197,28
231223,26
231241,18
231269,28
231271,2
231277,6
231289,12
231293,4
231299,6
231317,18
231323,6
231331,8
231347,16
231349,2
231359,10
231367,8
231379,12
231409,30
231419,10
231431,12
231433,2
231443,10
231461,18
231463,2
231479,16
231481,2
231493,12
231503,10
231529,26
231533,4
231547,14
231551,4
231559,8
231563,4
231571,8
231589,18
231599,10
231607,8
231611,4
231613,2
231631,18
231643,12
231661,18
231677,16
231701,24
231709,8
231719,10
231779,60
231799,20
231809,10
231821,12
231823,2
231827,4
231839,12
231841,2
231859,18
231871,12
231877,6
231893,16
231901,8
231919,18
231923,4
231943,20
231947,4
231961,14
231967,6
232003,36
232007,4
232013,6
232049,36
232051,2
232073,22
232079,6
232081,2
232091,10
232103,12
232109,6
232117,8
232129,12
232153,24
232171,18
232187,16
232189,2
232207,18
232217,10
232259,42
232303,44
232307,4
232333,26
232357,24
232363,6
232367,4
232381,14
232391,10
232409,18
232411,2
232417,6
232433,16
232439,6
232451,12
232457,6
232459,2
232487,28
232499,12
232513,14
232523,10
232549,26
232567,18
232571,4
232591,20
232597,6
232607,10
232621,14
232633,12
232643,10
232663,20
232669,6
232681,12
232699,18
232709,10
232711,2
232741,30
232751,10
232753,2
232777,24
232801,24
232811,10
232819,8
232823,4
232847,24
232853,6
232861,8
232871,10
232877,6
232891,14
232901,10
232907,6
232919,12
232937,18
232961,24
232963,2
232987,24
233021,34
233069,48
233071,2
233083,12
233113,30
233117,4
233141,24
233143,2
233159,16
233161,2
233173,12
233183,10
233201,18
233221,20
233231,10
233239,8
233251,12
233267,16
233279,12
233293,14
233297,4
233323,26
233327,4
233329,2
233341,12
233347,6
233353,6
233357,4
233371,14
233407,36
233417,10
233419,2
233423,4
233437,14
233477,40
233489,12
233509,20
233549,40
233551,2
233557,6
233591,34
233599,8
233609,10
233617,8
233621,4
233641,20
233663,22
233669,6
233683,14
233687,4
233689,2
233693,4
233713,20
233743,30
233747,4
233759,12
233777,18
233837,60
233851,14
233861,10
233879,18
233881,2
233911,30
233917,6
233921,4
233923,2
233939,16
233941,2
233969,28
233983,14
233993,10
234007,14
234029,22
234043,14
234067,24
234083,16
234089,6
234103,14
234121,18
234131,10
234139,8
234149,10
234161,12
234167,6
234181,14
234187,6
234191,4
234193,2
234197,4
234203,6
234211,8
234217,6
234239,22
234259,20
234271,12
234281,10
234287,6
234293,6
234317,24
234319,2
234323,4
234331,8
234341,10
234343,2
234361,18
234383,22
234431,48
234457,26
234461,4
234463,2
234467,4
234473,6
234499,26
234511,12
234527,16
234529,2
234539,10
234541,2
234547,6
234571,24
234587,16
234589,2
234599,10
234613,14
234629,16
234653,24
234659,6
234673,14
234683,10
234713,30
234721,8
234727,6
234733,6
234743,10
234749,6
234769,20
234781,12
234791,10
234799,8
234803,4
234809,6
234811,2
234833,22
234847,14
234851,4
234863,12
234869,6
234893,24
234907,14
234917,10
234931,14
234947,16
234959,12
234961,2
234967,6
234977,10
234979,2
234989,10
235003,14
235007,4
235009,2
235013,4
235043,30
235051,8
235057,6
235069,12
235091,22
235099,8
235111,12
235117,6
235159,42
235171,12
235177,6
235181,4
235199,18
235211,12
235231,20
235241,10
235243,2
235273,30
235289,16
235307,18
235309,2
235337,28
235349,12
235369,20
235397,28
235439,42
235441,2
235447,6
235483,36
235489,6
235493,4
235513,20
235519,6
235523,4
235537,14
235541,4
235553,12
235559,6
235577,18
235591,14
235601,10
235607,6
235621,14
235661,40
235663,2
235673,10
235679,6
235699,20
235723,24
235747,24
235751,4
235783,32
235787,4
235789,2
235793,4
235811,18
235813,2
235849,36
235871,22
235877,6
235889,12
235891,2
235901,10
235919,18
235927,8
235951,24
235967,16
235979,12
235997,18
236017,20
236021,4
236053,32
236063,10
236069,6
236077,8
236087,10
236107,20
236111,4
236129,18
236143,14
236153,10
236167,14
236207,40
236209,2
236219,10
236231,12
236261,30
236287,26
236293,6
236297,4
236323,26
236329,6
236333,4
236339,6
236377,38
236381,4
236387,6
236399,12
236407,8
236429,22
236449,20
236461,12
236471,10
236477,6
236479,2
236503,24
236507,4
236519,12
236527,8
236549,22
236563,14
236573,10
236609,36
236627,18
236641,14
236653,12
236659,6
236681,22
236699,18
236701,2
236707,6
236713,6
236723,10
236729,6
236737,8
236749,12
236771,22
236773,2
236779,6
236783,4
236807,24
236813,6
236867,54
236869,2
236879,10
236881,2
236891,10
236893,2
236897,4
236909,12
236917,8
236947,30
236981,34
236983,2
236993,10
237011,18
237019,8
237043,24
237053,10
237067,14
237071,4
237073,2
237089,16
237091,2
237137,46
237143,6
237151,8
237157,6
237161,4
237163,2
237173,10
237179,6
237203,24
237217,14
237233,16
237257,24
237271,14
237277,6
237283,6
237287,4
237301,14
237313,12
237319,6
237331,12
237343,12
237361,18
237373,12
237379,6
237401,22
237409,8
237467,58
237487,20
237509,22
237547,38
237563,16
237571,8
237581,10
237607,26
237619,12
237631,12
237673,42
237683,10
237689,6
237691,2
237701,10
237707,6
237733,26
237737,4
237749,12
237763,14
237767,4
237781,14
237791,10
237821,30
237851,30
237857,6
237859,2
237877,18
237883,6
237901,18
237911,10
237929,18
237959,30
237967,8
237971,4
237973,2
237977,4
237997,20
238001,4
238009,8
238019,10
238031,12
238037,6
238039,2
238079,40
238081,2
238093,12
238099,6
238103,4
238109,6
238141,32
238151,10
238157,6
238159,2
238163,4
238171,8
238181,10
238201,20
238207,6
238213,6
238223,10
238229,6
238237,8
238247,10
238261,14
238267,6
238291,24
238307,16
238313,6
238321,8
238331,10
238339,8
238361,22
238363,2
238369,6
238373,4
238397,24
238417,20
238423,6
238439,16
238451,12
238463,12
238471,8
238477,6
238481,4
238499,18
238519,20
238529,10
238531,2
238547,16
238573,26
238591,18
238627,36
238639,12
238649,10
238657,8
238673,16
238681,8
238691,10
238703,12
238709,6
238723,14
238727,4
238729,2
238747,18
238759,12
238781,22
238789,8
238801,12
238829,28
238837,8
238841,4
238853,12
238859,6
238877,18
238879,2
238883,4
238897,14
238919,22
238921,2
238939,18
238943,4
238949,6
238967,18
238991,24
239017,26
239023,6
239027,4
239053,26
239069,16
239081,12
239087,6
239119,32
239137,18
239147,10
239167,20
239171,4
239179,8
239201,22
239231,30
239233,2
239237,4
239243,6
239251,8
239263,12
239273,10
239287,14
239297,10
239329,32
239333,4
239347,14
239357,10
239383,26
239387,4
239389,2
239417,28
239423,6
239429,6
239431,2
239441,10
239461,20
239489,28
239509,20
239521,12
239527,6
239531,4
239539,8
239543,4
239557,14
239567,10
239579,12
239587,8
239597,10
239611,14
239623,12
239633,10
239641,8
239671,30
239689,18
239699,10
239711,12
239713,2
239731,18
239737,6
239753,16
239779,26
239783,4
239803,20
239807,4
239831,24
239843,12
239849,6
239851,2
239857,6
239873,16
239879,6
239893,14
239929,36
239933,4
239947,14
239957,10
239963,6
239977,14
239999,22
240007,8
240011,4
240017,6
240041,24
240043,2
240047,4
240049,2
240059,10
240073,14
240089,16
240101,12
240109,8
240113,4
240131,18
240139,8
240151,12
240169,18
240173,4
240197,24
240203,6
240209,6
240257,48
240259,2
240263,4
240271,8
240283,12
240287,4
240319,32
240341,22
240347,6
240349,2
240353,4
240371,18
240379,8
240421,42
240433,12
240437,4
240473,36
240479,6
240491,12
240503,12
240509,6
240517,8
240551,34
240571,20
240587,16
240589,2
240599,10
240607,8
240623,16
240631,8
240641,10
240659,18
240677,18
240701,24
240707,6
240719,12
240727,8
240733,6
240739,6
240743,4
240763,20
240769,6
240797,28
240811,14
240829,18
240841,12
240853,12
240859,6
240869,10
240881,12
240883,2
240893,10
240899,6
240913,14
240943,30
240953,10
240959,6
240967,8
240997,30
241013,16
241027,14
241037,10
241049,12
241051,2
241061,10
241067,6
241069,2
241079,10
241093,14
241117,24
241127,10
241141,14
241169,28
241177,8
241183,6
241207,24
241229,22
241249,20
241253,4
241259,6
241261,2
241271,10
241291,20
241303,12
241313,10
241321,8
241327,6
241333,6
241337,4
241343,6
241361,18
241363,2
241391,28
241393,2
241421,28
241429,8
241441,12
241453,12
241463,10
241469,6
241489,20
241511,22
241513,2
241517,4
241537,20
241543,6
241559,16
241561,2
241567,6
241589,22
241597,8
241601,4
241603,2
241639,36
241643,4
241651,8
241663,12
241667,4
241679,12
241687,8
241691,4
241711,20
241727,16
241739,12
241771,32
241781,10
241783,2
241793,10
241807,14
241811,4
241817,6
241823,6
241847,24
241861,14
241867,6
241873,6
241877,4
241883,6
241903,20
241907,4
241919,12
241921,2
241931,10
241939,8
241951,12
241963,12
241973,10
241979,6
241981,2
241993,12
242009,16
242057,48
242059,2
242069,10
242083,14
242093,10
242101,8
242119,18
242129,10
242147,18
242161,14
242171,10
242173,2
242197,24
242201,4
242227,26
242243,16
242257,14
242261,4
242273,12
242279,6
242309,30
242329,20
242357,28
242371,14
242377,6
242393,16
242399,6
242413,14
242419,6
242441,22
242447,6
242449,2
242453,4
242467,14
242479,12
242483,4
242491,8
242509,18
242519,10
242521,2
242533,12
242551,18
242591,40
242603,12
242617,14
242621,4
242629,8
242633,4
242639,6
242647,8
242659,12
242677,18
242681,4
242689,8
242713,24
242729,16
242731,2
242747,16
242773,26
242779,6
242789,10
242797,8
242807,10
242813,6
242819,6
242863,44
242867,4
242873,6
242887,14
242911,24
242923,12
242927,4
242971,44
242989,18
242999,10
243011,12
243031,20
243073,42
243077,4
243091,14
243101,10
243109,8
243119,10
243121,2
243137,16
243149,12
243157,8
243161,4
243167,6
243197,30
243203,6
243209,6
243227,18
243233,6
243239,6
243259,20
243263,4
243301,38
243311,10
243343,32
243367,24
243391,24
243401,10
243403,2
243421,18
243431,10
243433,2
243437,4
243461,24
243469,8
243473,4
243479,6
243487,8
243517,30
243521,4
243527,6
243533,6
243539,6
243553,14
243577,24
243583,6
243587,4
243589,2
243613,24
243623,10
243631,8
243643,12
243647,4
243671,24
243673,2
243701,28
243703,2
243707,4
243709,2
243769,60
243781,12
243787,6
243799,12
243809,10
243829,20
243839,10
243851,12
243857,6
243863,6
243871,8
243889,18
243911,22
243917,6
243931,14
243953,22
243973,20
243989,16
244003,14
244009,6
244021,12
244033,12
244043,10
244087,44
244091,4
244109,18
244121,12
244129,8
244141,12
244147,6
244157,10
244159,2
244177,18
244199,22
244217,18
244219,2
244243,24
244247,4
244253,6
244261,8
244291,30
244297,6
244301,4
244303,2
244313,10
244333,20
244339,6
244351,12
244357,6
244367,10
244379,12
244381,2
244393,12
244399,6
244403,4
244411,8
244423,12
244429,6
244451,22
244457,6
244463,6
244471,8
244481,10
244493,12
244507,14
244529,22
244547,18
244553,6
244561,8
244567,6
244583,16
244589,6
244597,8
244603,6
244619,16
244633,14
244637,4
244639,2
244667,28
244669,2
244687,18
244691,4
244703,12
244711,8
244721,10
244733,12
244747,14
244753,6
244759,6
244781,22
244787,6
244813,26
244837,24
244841,4
244843,2
244859,16
244861,2
244873,12
244877,4
244889,12
244897,8
244901,4
244939,38
244943,4
244957,14
244997,40
245023,26
245029,6
245033,4
245039,6
245071,32
245083,12
245087,4
245107,20
245129,22
245131,2
245149,18
245171,22
245173,2
245177,4
245183,6
245209,26
245251,42
245257,6
245261,4
245269,8
245279,10
245291,12
245299,8
245317,18
245321,4
245339,18
245383,44
245389,6
245407,18
245411,4
245417,6
245419,2
245437,18
245471,34
245473,2
245477,4
245501,24
245513,12
245519,6
245521,2
245527,6
245533,6
245561,28
245563,2
245587,24
245591,4
245593,2
245621,28
245627,6
245629,2
245639,10
245653,14
245671,18
245681,10
245683,2
245711,28
245719,8
245723,4
245741,18
245747,6
245753,6
245759,6
245771,12
245783,12
245789,6
245821,32
245849,28
245851,2
245863,12
245881,18
245897,16
245899,2
245909,10
245911,2
245941,30
245963,22
245977,14
245981,4
245983,2
245989,6
246011,22
246017,6
246049,32
246073,24
246097,24
246119,22
246121,2
246131,10
246133,2
246151,18
246167,16
246173,6
246187,14
246193,6
246203,10
246209,6
246217,8
246223,6
246241,18
246247,6
246251,4
246271,20
246277,6
246289,12
246317,28
246319,2
246329,10
246343,14
246349,6
246361,12
246371,10
246391,20
246403,12
246439,36
246469,30
246473,4
246497,24
246509,12
246511,2
246523,12
246527,4
246539,12
246557,18
246569,12
246577,8
246599,22
246607,8
246611,4
246613,2
246637,24
246641,4
246643,2
246661,18
246683,22
246689,6
246707,18
246709,2
246713,4
246731,18
246739,8
246769,30
246773,4
246781,8
246787,6
246793,6
246803,10
246809,6
246811,2
246817,6
246833,16
246839,6
246889,50
246899,10
246907,8
246913,6
246919,6
246923,4
246929,6
246931,2
246937,6
246941,4
246947,6
246971,24
246979,8
247001,22
247007,6
247031,24
247067,36
247069,2
247073,4
247087,14
247099,12
247141,42
247183,42
247193,10
247201,8
247223,22
247229,6
247241,12
247249,8
247259,10
247279,20
247301,22
247309,8
247337,28
247339,2
247343,4
247363,20
247369,6
247381,12
247391,10
247393,2
247409,16
247421,12
247433,12
247439,6
247451,12
247463,12
247501,38
247519,18
247529,10
247531,2
247547,16
247553,6
247579,26
247591,12
247601,10
247603,2
247607,4
247609,2
247613,4
247633,20
247649,16
247651,2
247691,40
247693,2
247697,4
247711,14
247717,6
247729,12
247739,10
247759,20
247769,10
247771,2
247781,10
247799,18
247811,12
247813,2
247829,16
247847,18
247853,6
247873,20
247879,6
247889,10
247901,12
247913,12
247939,26
247943,4
247957,14
247991,34
247993,2
247997,4
247999,2
248021,22
248033,12
248041,8
248051,10
248057,6
248063,6
248071,8
248077,6
248089,12
248099,10
248117,18
248119,2
248137,18
248141,4
248161,20
248167,6
248177,10
248179,2
248189,10
248201,12
248203,2
248231,28
248243,12
248257,14
248267,10
248291,24
248293,2
248299,6
248309,10
248317,8
248323,6
248351,28
248357,6
248371,14
248389,18
248401,12
248407,6
248431,24
248441,10
248447,6
248461,14
248473,12
248477,4
248483,6
248509,26
248533,24
248537,4
248543,6
248569,26
248579,10
248587,8
248593,6
248597,4
248609,12
248621,12
248627,6
248639,12
248641,2
248657,16
248683,26
248701,18
248707,6
248719,12
248723,4
248737,14
248749,12
248753,4
248779,26
248783,4
248789,6
248797,8
248813,16
248821,8
248827,6
248839,12
248851,12
248861,10
248867,6
248869,2
248879,10
248887,8
248891,4
248893,2
248903,10
248909,6
248971,62
248981,10
248987,6
249017,30
249037,20
249059,22
249079,20
249089,10
249097,8
249103,6
249107,4
249127,20
249131,4
249133,2
249143,10
249181,38
249187,6
249199,12
249211,12
249217,6
249229,12
249233,4
249253,20
249257,4
249287,30
249311,24
249317,6
249329,12
249341,12
249367,26
249377,10
249383,6
249397,14
249419,22
249421,2
249427,6
249433,6
249437,4
249439,2
249449,10
249463,14
249497,34
249499,2
249503,4
249517,14
249521,4
249533,12
249539,6
249541,2
249563,22
249583,20
249589,6
249593,4
249607,14
249647,40
249659,12
249671,12
249677,6
249703,26
249721,18
249727,6
249737,10
249749,12
249763,14
249779,16
249797,18
249811,14
249827,16
249833,6
249853,20
249857,4
249859,2
249863,4
249871,8
249881,10
249911,30
249923,12
249943,20
249947,4
249967,20
249971,4
249973,2
249989,16
