150001,8
150011,10
150041,30
150053,12
150061,8
150067,6
150077,10
150083,6
150089,6
150091,2
150097,6
150107,10
150131,24
150151,20
150169,18
150193,24
150197,4
150203,6
150209,6
150211,2
150217,6
150221,4
150223,2
150239,16
150247,8
150287,40
150299,12
150301,2
150323,22
150329,6
150343,14
150373,30
150377,4
150379,2
150383,4
150401,18
150407,6
150413,6
150427,14
150431,4
150439,8
150473,34
150497,24
150503,6
150517,14
150523,6
150533,10
150551,18
150559,8
150571,12
150583,12
150587,4
150589,2
150607,18
150611,4
150617,6
150649,32
150659,10
150697,38
150707,10
150721,14
150743,22
150767,24
150769,2
150779,10
150791,12
150797,6
150827,30
150833,6
150847,14
150869,22
150881,12
150883,2
150889,6
150893,4
150901,8
150907,6
150919,12
150929,10
150959,30
150961,2
150967,6
150979,12
150989,10
150991,2
151007,16
151009,2
151013,4
151027,14
151049,22
151051,2
151057,6
151091,34
151121,30
151141,20
151153,12
151157,4
151163,6
151169,6
151171,2
151189,18
151201,12
151213,12
151237,24
151241,4
151243,2
151247,4
151253,6
151273,20
151279,6
151289,10
151303,14
151337,34
151339,2
151343,4
151357,14
151379,22
151381,2
151391,10
151397,6
151423,26
151429,6
151433,4
151451,18
151471,20
151477,6
151483,6
151499,16
151507,8
151517,10
151523,6
151531,8
151537,6
151549,12
151553,4
151561,8
151573,12
151579,6
151597,18
151603,6
151607,4
151609,2
151631,22
151637,6
151643,6
151651,8
151667,16
151673,6
151681,8
151687,6
151693,6
151703,10
151717,14
151729,12
151733,4
151769,36
151771,2
151783,12
151787,4
151799,12
151813,14
151817,4
151841,24
151847,6
151849,2
151871,22
151883,12
151897,14
151901,4
151903,2
151909,6
151937,28
151939,2
151967,28
151969,2
152003,34
152017,14
152027,10
152029,2
152039,10
152041,2
152063,22
152077,14
152081,4
152083,2
152093,10
152111,18
152123,12
152147,24
152183,36
152189,6
152197,8
152203,6
152213,10
152219,6
152231,12
152239,8
152249,10
152267,18
152287,20
152293,6
152297,4
152311,14
152363,52
152377,14
152381,4
152389,8
152393,4
152407,14
152417,10
152419,2
152423,4
152429,6
152441,12
152443,2
152459,16
152461,2
152501,40
152519,18
152531,12
152533,2
152539,6
152563,24
152567,4
152597,30
152599,2
152617,18
152623,6
152629,6
152639,10
152641,2
152657,16
152671,14
152681,10
152717,36
152723,6
152729,6
152753,24
152767,14
152777,10
152783,6
152791,8
152809,18
152819,10
152821,2
152833,12
152837,4
152839,2
152843,4
152851,8
152857,6
152879,22
152897,18
152899,2
152909,10
152939,30
152941,2
152947,6
152953,6
152959,6
152981,22
152989,8
152993,4
153001,8
153059,58
153067,8
153071,4
153073,2
153077,4
153089,12
153107,18
153113,6
153133,20
153137,4
153151,14
153191,40
153247,56
153259,12
153269,10
153271,2
153277,6
153281,4
153287,6
153313,26
153319,6
153337,18
153343,6
153353,10
153359,6
153371,12
153379,8
153407,28
153409,2
153421,12
153427,6
153437,10
153443,6
153449,6
153457,8
153469,12
153487,18
153499,12
153509,10
153511,2
153521,10
153523,2
153529,6
153533,4
153557,24
153563,6
153589,26
153607,18
153611,4
153623,12
153641,18
153649,8
153689,40
153701,12
153719,18
153733,14
153739,6
153743,4
153749,6
153757,8
153763,6
153817,54
153841,24
153871,30
153877,6
153887,10
153889,2
153911,22
153913,2
153929,16
153941,12
153947,6
153949,2
153953,4
153991,38
153997,6
154001,4
154027,26
154043,16
154057,14
154061,4
154067,6
154073,6
154079,6
154081,2
154087,6
154097,10
154111,14
154127,16
154153,26
154157,4
154159,2
154181,22
154183,2
154211,28
154213,2
154229,16
154243,14
154247,4
154267,20
154277,10
154279,2
154291,12
154303,12
154313,10
154321,8
154333,12
154339,6
154351,12
154369,18
154373,4
154387,14
154409,22
154417,8
154423,6
154439,16
154459,20
154487,28
154493,6
154501,8
154523,22
154543,20
154571,28
154573,2
154579,6
154589,10
154591,2
154613,22
154619,6
154621,2
154643,22
154667,24
154669,2
154681,12
154691,10
154699,8
154723,24
154727,4
154733,6
154747,14
154753,6
154769,16
154787,18
154789,2
154799,10
154807,8
154823,16
154841,18
154849,8
154871,22
154873,2
154877,4
154883,6
154897,14
154927,30
154933,6
154937,4
154943,6
154981,38
154991,10
155003,12
155009,6
155017,8
155027,10
155047,20
155069,22
155081,12
155083,2
155087,4
155119,32
155137,18
155153,16
155161,8
155167,6
155171,4
155191,20
155201,10
155203,2
155209,6
155219,10
155231,12
155251,20
155269,18
155291,22
155299,8
155303,4
155317,14
155327,10
155333,6
155371,38
155377,6
155381,4
155383,2
155387,4
155399,12
155413,14
155423,10
155443,20
155453,10
155461,8
155473,12
155501,28
155509,8
155521,12
155537,16
155539,2
155557,18
155569,12
155579,10
155581,2
155593,12
155599,6
155609,10
155621,12
155627,6
155653,26
155657,4
155663,6
155671,8
155689,18
155693,4
155699,6
155707,8
155717,10
155719,2
155723,4
155731,8
155741,10
155747,6
155773,26
155777,4
155783,6
155797,14
155801,4
155809,8
155821,12
155833,12
155849,16
155851,2
155861,10
155863,2
155887,24
155891,4
155893,2
155921,28
156007,86
156011,4
156019,8
156041,22
156059,18
156061,2
156071,10
156089,18
156109,20
156119,10
156127,8
156131,4
156139,8
156151,12
156157,6
156217,60
156227,10
156229,2
156241,12
156253,12
156257,4
156259,2
156269,10
156307,38
156319,12
156329,10
156347,18
156353,6
156361,8
156371,10
156419,48
156421,2
156437,16
156467,30
156487,20
156491,4
156493,2
156511,18
156521,10
156539,18
156577,38
156589,12
156593,4
156601,8
156619,18
156623,4
156631,8
156641,10
156659,18
156671,12
156677,6
156679,2
156683,4
156691,8
156703,12
156707,4
156719,12
156727,8
156733,6
156749,16
156781,32
156797,16
156799,2
156817,18
156823,6
156833,10
156841,8
156887,46
156899,12
156901,2
156913,12
156941,28
156943,2
156967,24
156971,4
156979,8
157007,28
157013,6
157019,6
157037,18
157049,12
157051,2
157057,6
157061,4
157081,20
157103,22
157109,6
157127,18
157133,6
157141,8
157163,22
157177,14
157181,4
157189,8
157207,18
157211,4
157217,6
157219,2
157229,10
157231,2
157243,12
157247,4
157253,6
157259,6
157271,12
157273,2
157277,4
157279,2
157291,12
157303,12
157307,4
157321,14
157327,6
157349,22
157351,2
157363,12
157393,30
157411,18
157427,16
157429,2
157433,4
157457,24
157477,20
157483,6
157489,6
157513,24
157519,6
157523,4
157543,20
157559,16
157561,2
157571,10
157579,8
157627,48
157637,10
157639,2
157649,10
157667,18
157669,2
157679,10
157721,42
157733,12
157739,6
157747,8
157769,22
157771,2
157793,22
157799,6
157813,14
157823,10
157831,8
157837,6
157841,4
157867,26
157877,10
157889,12
157897,8
157901,4
157907,6
157931,24
157933,2
157951,18
157991,40
157999,8
158003,4
158009,6
158017,8
158029,12
158047,18
158071,24
158077,6
158113,36
158129,16
158141,12
158143,2
158161,18
158189,28
158201,12
158209,8
158227,18
158231,4
158233,2
158243,10
158261,18
158269,8
158293,24
158303,10
158329,26
158341,12
158351,10
158357,6
158359,2
158363,4
158371,8
158393,22
158407,14
158419,12
158429,10
158443,14
158449,6
158489,40
158507,18
158519,12
158527,8
158537,10
158551,14
158563,12
158567,4
158573,6
158581,8
158591,10
158597,6
158611,14
158617,6
158621,4
158633,12
158647,14
158657,10
158663,6
158699,36
158731,32
158747,16
158749,2
158759,10
158761,2
158771,10
158777,6
158791,14
158803,12
158843,40
158849,6
158863,14
158867,4
158881,14
158909,28
158923,14
158927,4
158941,14
158959,18
158981,22
158993,12
159013,20
159017,4
159023,6
159059,36
159073,14
159079,6
159097,18
159113,16
159119,6
159157,38
159161,4
159167,6
159169,2
159179,10
159191,12
159193,2
159199,6
159209,10
159223,14
159227,4
159233,6
159287,54
159293,6
159311,18
159319,8
159337,18
159347,10
159349,2
159361,12
159389,28
159403,14
159407,4
159421,14
159431,10
159437,6
159457,20
159463,6
159469,6
159473,4
159491,18
159499,8
159503,4
159521,18
159539,18
159541,2
159553,12
159563,10
159569,6
159571,2
159589,18
159617,28
159623,6
159629,6
159631,2
159667,36
159671,4
159673,2
159683,10
159697,14
159701,4
159707,6
159721,14
159737,16
159739,2
159763,24
159769,6
159773,4
159779,6
159787,8
159791,4
159793,2
159799,6
159811,12
159833,22
159839,6
159853,14
159857,4
159869,12
159871,2
159899,28
159911,12
159931,20
159937,6
159977,40
159979,2
160001,22
160009,8
160019,10
160031,12
160033,2
160049,16
160073,24
160079,6
160081,2
160087,6
160091,4
160093,2
160117,24
160141,24
160159,18
160163,4
160169,6
160183,14
160201,18
160207,6
160217,10
160231,14
160243,12
160253,10
160309,56
160313,4
160319,6
160343,24
160357,14
160367,10
160373,6
160387,14
160397,10
160403,6
160409,6
160423,14
160441,18
160453,12
160481,28
160483,2
160499,16
160507,8
160541,34
160553,12
160579,26
160583,4
160591,8
160603,12
160619,16
160621,2
160627,6
160637,10
160639,2
160649,10
160651,2
160663,12
160669,6
160681,12
160687,6
160697,10
160709,12
160711,2
160723,12
160739,16
160751,12
160753,2
160757,4
160781,24
160789,8
160807,18
160813,6
160817,4
160829,12
160841,12
160861,20
160877,16
160879,2
160883,4
160903,20
160907,4
160933,26
160967,34
160969,2
160981,12
160997,16
161009,12
161017,8
161033,16
161039,6
161047,8
161053,6
161059,6
161071,12
161087,16
161093,6
161123,30
161137,14
161141,4
161149,8
161159,10
161167,8
161201,34
161221,20
161233,12
161237,4
161263,26
161267,4
161281,14
161303,22
161309,6
161323,14
161333,10
161339,6
161341,2
161363,22
161377,14
161387,10
161407,20
161411,4
161453,42
161459,6
161461,2
161471,10
161503,32
161507,4
161521,14
161527,6
161531,4
161543,12
161561,18
161563,2
161569,6
161573,4
161591,18
161599,8
161611,12
161627,16
161639,12
161641,2
161659,18
161683,24
161717,34
161729,12
161731,2
161741,10
161743,2
161753,10
161761,8
161771,10
161773,2
161779,6
161783,4
161807,24
161831,24
161839,8
161869,30
161873,4
161879,6
161881,2
161911,30
161921,10
161923,2
161947,24
161957,10
161969,12
161971,2
161977,6
161983,6
161999,16
162007,8
162011,4
162017,6
162053,36
162059,6
162079,20
162091,12
162109,18
162119,10
162143,24
162209,66
162221,12
162229,8
162251,22
162257,6
162263,6
162269,6
162277,8
162287,10
162289,2
162293,4
162343,50
162359,16
162389,30
162391,2
162413,22
162419,6
162439,20
162451,12
162457,6
162473,16
162493,20
162499,6
162517,18
162523,6
162527,4
162529,2
162553,24
162557,4
162563,6
162577,14
162593,16
162601,8
162611,10
162623,12
162629,6
162641,12
162649,8
162671,22
162677,6
162683,6
162691,8
162703,12
162709,6
162713,4
162727,14
162731,4
162739,8
162749,10
162751,2
162779,28
162787,8
162791,4
162821,30
162823,2
162829,6
162839,10
162847,8
162853,6
162859,6
162881,22
162889,8
162901,12
162907,6
162917,10
162937,20
162947,10
162971,24
162973,2
162989,16
162997,8
163003,6
163019,16
163021,2
163027,6
163061,34
163063,2
163109,46
163117,8
163127,10
163129,2
163147,18
163151,4
163169,18
163171,2
163181,10
163193,12
163199,6
163211,12
163223,12
163243,20
163249,6
163259,10
163307,48
163309,2
163321,12
163327,6
163337,10
163351,14
163363,12
163367,4
163393,26
163403,10
163409,6
163411,2
163417,6
163433,16
163469,36
163477,8
163481,4
163483,2
163487,4
163517,30
163543,26
163561,18
163567,6
163573,6
163601,28
163613,12
163621,8
163627,6
163633,6
163637,4
163643,6
163661,18
163673,12
163679,6
163697,18
163729,32
163733,4
163741,8
163753,12
163771,18
163781,10
163789,8
163811,22
163819,8
163841,22
163847,6
163853,6
163859,6
163861,2
163871,10
163883,12
163901,18
163909,8
163927,18
163973,46
163979,6
163981,2
163987,6
163991,4
163993,2
163997,4
164011,14
164023,12
164039,16
164051,12
164057,6
164071,14
164089,18
164093,4
164113,20
164117,4
164147,30
164149,2
164173,24
164183,10
164191,8
164201,10
164209,8
164231,22
164233,2
164239,6
164249,10
164251,2
164267,16
164279,12
164291,12
164299,8
164309,10
164321,12
164341,20
164357,16
164363,6
164371,8
164377,6
164387,10
164413,26
164419,6
164429,10
164431,2
164443,12
164447,4
164449,2
164471,22
164477,6
164503,26
164513,10
164531,18
164569,38
164581,12
164587,6
164599,12
164617,18
164621,4
164623,2
164627,4
164653,26
164663,10
164677,14
164683,6
164701,18
164707,6
164729,22
164743,14
164767,24
164771,4
164789,18
164809,20
164821,12
164831,10
164837,6
164839,2
164881,42
164893,12
164911,18
164953,42
164963,10
164987,24
164999,12
165001,2
165037,36
165041,4
165047,6
165049,2
165059,10
165079,20
165083,4
165089,6
165103,14
165133,30
165161,28
165173,12
165181,8
165203,22
165211,8
165229,18
165233,4
165247,14
165287,40
165293,6
165311,18
165313,2
165317,4
165331,14
165343,12
165349,6
165367,18
165379,12
165383,4
165391,8
165397,6
165437,40
165443,6
165449,6
165457,8
165463,6
165469,6
165479,10
165511,32
165523,12
165527,4
165533,6
165541,8
165551,10
165553,2
165559,6
165569,10
165587,18
165589,2
165601,12
165611,10
165617,6
165653,36
165667,14
165673,6
165701,28
165703,2
165707,4
165709,2
165713,4
165719,6
165721,2
165749,28
165779,30
165799,20
165811,12
165817,6
165829,12
165833,4
165857,24
165877,20
165883,6
165887,4
165901,14
165931,30
165941,10
165947,6
165961,14
165983,22
166013,30
166021,8
166027,6
166031,4
166043,12
166063,20
166081,18
166099,18
166147,48
166151,4
166157,6
166169,12
166183,14
166189,6
166207,18
166219,12
166237,18
166247,10
166259,12
166273,14
166289,16
166297,8
166301,4
166303,2
166319,16
166349,30
166351,2
166357,6
166363,6
166393,30
166399,6
166403,4
166409,6
166417,8
166429,12
166457,28
166471,14
166487,16
166541,54
166561,20
166567,6
166571,4
166597,26
166601,4
166603,2
166609,6
166613,4
166619,6
166627,8
166631,4
166643,12
166657,14
166667,10
166669,2
166679,10
166693,14
166703,10
166723,20
166739,16
166741,2
166781,40
166783,2
166799,16
166807,8
166823,16
166841,18
166843,2
166847,4
166849,2
166853,4
166861,8
166867,6
166871,4
166909,38
166919,10
166931,12
166949,18
166967,18
166973,6
166979,6
166987,8
167009,22
167017,8
167021,4
167023,2
167033,10
167039,6
167047,8
167051,4
167071,20
167077,6
167081,4
167087,6
167099,12
167107,8
167113,6
167117,4
167119,2
167149,30
167159,10
167173,14
167177,4
167191,14
167197,6
167213,16
167221,8
167249,28
167261,12
167267,6
167269,2
167309,40
167311,2
167317,6
167329,12
167339,10
167341,2
167381,40
167393,12
167407,14
167413,6
167423,10
167429,6
167437,8
167441,4
167443,2
167449,6
167471,22
167483,12
167491,8
167521,30
167537,16
167543,6
167593,50
167597,4
167611,14
167621,10
167623,2
167627,4
167633,6
167641,8
167663,22
167677,14
167683,6
167711,28
167729,18
167747,18
167759,12
167771,12
167777,6
167779,2
167801,22
167809,8
167861,52
167863,2
167873,10
167879,6
167887,8
167891,4
167899,8
167911,12
167917,6
167953,36
167971,18
167987,16
168013,26
168023,10
168029,6
168037,8
168043,6
168067,24
168071,4
168083,12
168089,6
168109,20
168127,18
168143,16
168151,8
168193,42
168197,4
168211,14
168227,16
168247,20
168253,6
168263,10
168269,6
168277,8
168281,4
168293,12
168323,30
168331,8
168347,16
168353,6
168391,38
168409,18
168433,24
168449,16
168451,2
168457,6
168463,6
168481,18
168491,10
168499,8
168523,24
168527,4
168533,6
168541,8
168559,18
168599,40
168601,2
168617,16
168629,12
168631,2
168643,12
168673,30
168677,4
168697,20
168713,16
168719,6
168731,12
168737,6
168743,6
168761,18
168769,8
168781,12
168803,22
168851,48
168863,12
168869,6
168887,18
168893,6
168899,6
168901,2
168913,12
168937,24
168943,6
168977,34
168991,14
169003,12
169007,4
169009,2
169019,10
169049,30
169063,14
169067,4
169069,2
169079,10
169093,14
169097,4
169111,14
169129,18
169151,22
169159,8
169177,18
169181,4
169199,18
169217,18
169219,2
169241,22
169243,2
169249,6
169259,10
169283,24
169307,24
169313,6
169319,6
169321,2
169327,6
169339,12
169343,4
169361,18
169369,8
169373,4
169399,26
169409,10
169427,18
169457,30
169471,14
169483,12
169489,6
169493,4
169501,8
169523,22
169531,8
169553,22
169567,14
169583,16
169591,8
169607,16
169627,20
169633,6
169639,6
169649,10
169657,8
169661,4
169667,6
169681,14
169691,10
169693,2
169709,16
169733,24
169751,18
169753,2
169769,16
169777,8
169783,6
169789,6
169817,28
169823,6
169831,8
169837,6
169843,6
169859,16
169889,30
169891,2
169909,18
169913,4
169919,6
169933,14
169937,4
169943,6
169951,8
169957,6
169987,30
169991,4
170003,12
170021,18
170029,8
170047,18
170057,10
170063,6
170081,18
170099,18
170101,2
170111,10
170123,12
170141,18
170167,26
170179,12
170189,10
170197,8
170207,10
170213,6
170227,14
170231,4
170239,8
170243,4
170249,6
170263,14
170267,4
170279,12
170293,14
170299,6
170327,28
170341,14
170347,6
170351,4
170353,2
170363,10
170369,6
170371,2
170383,12
170389,6
170393,4
170413,20
170441,28
170447,6
170473,26
170483,10
170497,14
170503,6
170509,6
170537,28
170539,2
170551,12
170557,6
170579,22
170603,24
170609,6
170627,18
170633,6
170641,8
170647,6
170669,22
170689,20
170701,12
170707,6
170711,4
170741,30
170749,8
170759,10
170761,2
170767,6
170773,6
170777,4
170801,24
170809,8
170813,4
170827,14
170837,10
170843,6
170851,8
170857,6
170873,16
170881,8
170887,6
170899,12
170921,22
170927,6
170953,26
170957,4
170971,14
171007,36
171023,16
171029,6
171043,14
171047,4
171049,2
171053,4
171077,24
171079,2
171091,12
171103,12
171131,28
171161,30
171163,2
171167,4
171169,2
171179,10
171203,24
171233,30
171251,18
171253,2
171263,10
171271,8
171293,22
171299,6
171317,18
171329,12
171341,12
171383,42
171401,18
171403,2
171427,24
171439,12
171449,10
171467,18
171469,2
171473,4
171481,8
171491,10
171517,26
171529,12
171539,10
171541,2
171553,12
171559,6
171571,12
171583,12
171617,34
171629,12
171637,8
171641,4
171653,12
171659,6
171671,12
171673,2
171679,6
171697,18
171707,10
171713,6
171719,6
171733,14
171757,24
171761,4
171763,2
171793,30
171799,6
171803,4
171811,8
171823,12
171827,4
171851,24
171863,12
171869,6
171877,8
171881,4
171889,8
171917,28
171923,6
171929,6
171937,8
171947,10
172001,54
172009,8
172021,12
172027,6
172031,4
172049,18
172069,20
172079,10
172093,14
172097,4
172127,30
172147,20
172153,6
172157,4
172169,12
172171,2
172181,10
172199,18
172213,14
172217,4
172219,2
172223,4
172243,20
172259,16
172279,20
172283,4
172297,14
172307,10
172313,6
172321,8
172331,10
172343,12
172351,8
172357,6
172373,16
172399,26
172411,12
172421,10
172423,2
172427,4
172433,6
172439,6
172441,2
172489,48
172507,18
172517,10
172519,2
172541,22
172553,12
172561,8
172573,12
172583,10
172589,6
172597,8
172603,6
172607,4
172619,12
172633,14
172643,10
172649,6
172657,8
172663,6
172673,10
172681,8
172687,6
172709,22
172717,8
172721,4
172741,20
172751,10
172759,8
172787,28
172801,14
172807,6
172829,22
172849,20
172853,4
172859,6
172867,8
172871,4
172877,6
172883,6
172933,50
172969,36
172973,4
172981,8
172987,6
172993,6
172999,6
173021,22
173023,2
173039,16
173053,14
173059,6
173081,22
173087,6
173099,12
173137,38
173141,4
173149,8
173177,28
173183,6
173189,6
173191,2
173207,16
173209,2
173219,10
173249,30
173263,14
173267,4
173273,6
173291,18
173293,2
173297,4
173309,12
173347,38
173357,10
173359,2
173429,70
173431,2
173473,42
173483,10
173491,8
173497,6
173501,4
173531,30
173539,8
173543,4
173549,6
173561,12
173573,12
173599,26
173617,18
173629,12
173647,18
173651,4
173659,8
173669,10
173671,2
173683,12
173687,4
173699,12
173707,8
173713,6
173729,16
173741,12
173743,2
173773,30
173777,4
173779,2
173783,4
173807,24
173819,12
173827,8
173839,12
173851,12
173861,10
173867,6
173891,24
173897,6
173909,12
173917,8
173923,6
173933,10
173969,36
173977,8
173981,4
173993,12
174007,14
174017,10
174019,2
174047,28
174049,2
174061,12
174067,6
174071,4
174077,6
174079,2
174091,12
174101,10
174121,20
174137,16
174143,6
174149,6
174157,8
174169,12
174197,28
174221,24
174241,20
174257,16
174259,2
174263,4
174281,18
174289,8
174299,10
174311,12
174329,18
174331,2
174337,6
174347,10
174367,20
174389,22
174407,18
174413,6
174431,18
174443,12
174457,14
174467,10
174469,2
174481,12
174487,6
174491,4
174527,36
174533,6
174569,36
174571,2
174583,12
174599,16
174613,14
174617,4
174631,14
174637,6
174649,12
174653,4
174659,6
174673,14
174679,6
174703,24
174721,18
174737,16
174749,12
174761,12
174763,2
174767,4
174773,6
174799,26
174821,22
174829,8
174851,22
174859,8
174877,18
174893,16
174901,8
174907,6
174917,10
174929,12
174931,2
174943,12
174959,16
174989,30
174991,2
175003,12
175013,10
175039,26
175061,22
175067,6
175069,2
175079,10
175081,2
175103,22
175129,26
175141,12
175211,70
175229,18
175261,32
175267,6
175277,10
175291,14
175303,12
175309,6
175327,18
175333,6
175349,16
175361,12
175391,30
175393,2
175403,10
175411,8
175433,22
175447,14
175453,6
175463,10
175481,18
175493,12
175499,6
175519,20
175523,4
175543,20
175573,30
175601,28
175621,20
175631,10
175633,2
175649,16
175663,14
175673,10
175687,14
175691,4
175699,8
175709,10
175723,14
175727,4
175753,26
175757,4
175759,2
175781,22
175783,2
175811,28
175829,18
175837,8
175843,6
175853,10
175859,6
175873,14
175891,18
175897,6
175909,12
175919,10
175937,18
175939,2
175949,10
175961,12
175963,2
175979,16
175991,12
175993,2
176017,24
176021,4
176023,2
176041,18
176047,6
176051,4
176053,2
176063,10
176081,18
176087,6
176089,2
176123,34
176129,6
176153,24
176159,6
176161,2
176179,18
176191,12
176201,10
176207,6
176213,6
176221,8
176227,6
176237,10
176243,6
176261,18
176299,38
176303,4
176317,14
176321,4
176327,6
176329,2
176333,4
176347,14
176353,6
176357,4
176369,12
176383,14
176389,6
176401,12
176413,12
176417,4
176419,2
176431,12
176459,28
176461,2
176467,6
176489,22
176497,8
176503,6
176507,4
176509,2
176521,12
176531,10
176537,6
176549,12
176551,2
176557,6
176573,16
176591,18
176597,6
176599,2
176609,10
176611,2
176629,18
176641,12
176651,10
176677,26
176699,22
176711,12
176713,2
176741,28
176747,6
176753,6
176777,24
176779,2
176789,10
176791,2
176797,6
176807,10
176809,2
176819,10
176849,30
176857,8
176887,30
176899,12
176903,4
176921,18
176923,2
176927,4
176933,6
176951,18
176977,26
176983,6
176989,6
177007,18
177011,4
177013,2
177019,6
177043,24
177091,48
177101,10
177109,8
177113,4
177127,14
177131,4
177167,36
177173,6
177209,36
177211,2
177217,6
177223,6
177239,16
177257,18
177269,12
177283,14
177301,18
177319,18
177323,4
177337,14
177347,10
177379,32
177383,4
177409,26
177421,12
177427,6
177431,4
177433,2
177467,34
177473,6
177481,8
177487,6
177493,6
177511,18
177533,22
177539,6
177553,14
177589,36
177601,12
177623,22
177647,24
177677,30
177679,2
177691,12
177739,48
177743,4
177761,18
177763,2
177787,24
177791,4
177797,6
177811,14
177823,12
177839,16
177841,2
177883,42
177887,4
177889,2
177893,4
177907,14
177913,6
177917,4
177929,12
177943,14
177949,6
177953,4
177967,14
177979,12
178001,22
178021,20
178037,16
178039,2
178067,28
178069,2
178091,22
178093,2
178103,10
178117,14
178127,10
178141,14
178151,10
178169,18
178183,14
178187,4
178207,20
178223,16
178231,8
178247,16
178249,2
178259,10
178261,2
178289,28
178301,12
178307,6
178327,20
178333,6
178349,16
178351,2
178361,10
178393,32
178397,4
178403,6
178417,14
178439,22
178441,2
178447,6
178469,22
178481,12
178487,6
178489,2
178501,12
178513,12
178531,18
178537,6
178559,22
178561,2
178567,6
178571,4
178597,26
178601,4
178603,2
178609,6
178613,4
178621,8
178627,6
178639,12
178643,4
178681,38
178691,10
178693,2
178697,4
178753,56
178757,4
178781,24
178793,12
178799,6
178807,8
178813,6
178817,4
178819,2
178831,12
178853,22
178859,6
178873,14
178877,4
178889,12
178897,8
178903,6
178907,4
178909,2
178921,12
178931,10
178933,2
178939,6
178951,12
178973,22
178987,14
179021,34
179029,8
179033,4
179041,8
179051,10
179057,6
179083,26
179089,6
179099,10
179107,8
179111,4
179119,8
179143,24
179161,18
179167,6
179173,6
179203,30
179209,6
179213,4
179233,20
179243,10
179261,18
179269,8
179281,12
179287,6
179317,30
179321,4
179327,6
179351,24
179357,6
179369,12
179381,12
179383,2
179393,10
179407,14
179411,4
179429,18
179437,8
179441,4
179453,12
179461,8
179471,10
179479,8
179483,4
179497,14
179519,22
179527,8
179533,6
179549,16
179563,14
179573,10
179579,6
179581,2
179591,10
179593,2
179603,10
179623,20
179633,10
179651,18
179657,6
179659,2
179671,12
179687,16
179689,2
179693,4
179717,24
179719,2
179737,18
179743,6
179749,6
179779,30
179801,22
179807,6
179813,6
179819,6
179821,2
179827,6
179833,6
179849,16
179897,48
179899,2
179903,4
179909,6
179917,8
179923,6
179939,16
179947,8
179951,4
179953,2
179957,4
179969,12
179981,12
179989,8
179999,10
180001,2
180007,6
180023,16
180043,20
180053,10
180071,18
180073,2
180077,4
180097,20
180137,40
180161,24
180179,18
180181,2
180211,30
180221,10
180233,12
180239,6
180241,2
180247,6
180259,12
180263,4
180281,18
180287,6
180289,2
180307,18
180311,4
180317,6
180331,14
180337,6
180347,10
180361,14
180371,10
180379,8
180391,12
180413,22
180419,6
180437,18
180463,26
180473,10
180491,18
180497,6
180503,6
180511,8
180533,22
180539,6
180541,2
180547,6
180563,16
180569,6
180617,48
180623,6
180629,6
180647,18
180667,20
180679,12
180701,22
180731,30
180749,18
180751,2
180773,22
180779,6
180793,14
180797,4
180799,2
180811,12
180847,36
180871,24
180883,12
180907,24
180949,42
180959,10
181001,42
181003,2
181019,16
181031,12
181039,8
181061,22
181063,2
181081,18
181087,6
181123,36
181141,18
181157,16
181183,26
181193,10
181199,6
181201,2
181211,10
181213,2
181219,6
181243,24
181253,10
181273,20
181277,4
181283,6
181297,14
181301,4
181303,2
181361,58
181387,26
181397,10
181399,2
181409,10
181421,12
181439,18
181457,18
181459,2
181499,40
181501,2
181513,12
181523,10
181537,14
181549,12
181553,4
181603,50
181607,4
181609,2
181619,10
181639,20
181667,28
181669,2
181693,24
181711,18
181717,6
181721,4
181729,8
181739,10
181751,12
181757,6
181759,2
181763,4
181777,14
181787,10
181789,2
181813,24
181837,24
181871,34
181873,2
181889,16
181891,2
181903,12
181913,10
181919,6
181927,8
181931,4
181943,12
181957,14
181967,10
181981,14
181997,16
182009,12
182011,2
182027,16
182029,2
182041,12
182047,6
182057,10
182059,2
182089,30
182099,10
182101,2
182107,6
182111,4
182123,12
182129,6
182131,2
182141,10
182159,18
182167,8
182177,10
182179,2
182201,22
182209,8
182233,24
182239,6
182243,4
182261,18
182279,18
182297,18
182309,12
182333,24
182339,6
182341,2
182353,12
182387,34
182389,2
182417,28
182423,6
182431,8
182443,12
182453,10
182467,14
182471,4
182473,2
182489,16
182503,14
182509,6
182519,10
182537,18
182549,12
182561,12
182579,18
182587,8
182593,6
182599,6
182603,4
182617,14
182627,10
182639,12
182641,2
182653,12
182657,4
182659,2
182681,22
182687,6
182701,14
182711,10
182713,2
182747,34
182773,26
182779,6
182789,10
182803,14
182813,10
182821,8
182839,18
182851,12
182857,6
182867,10
182887,20
182893,6
182899,6
182921,22
182927,6
182929,2
182933,4
182953,20
182957,4
182969,12
182981,12
182999,18
183023,24
183037,14
183041,4
183047,6
183059,12
183067,8
183089,22
183091,2
183119,28
183151,32
183167,16
183191,24
183203,12
183247,44
183259,12
183263,4
183283,20
183289,6
183299,10
183301,2
183307,6
183317,10
183319,2
183329,10
183343,14
183349,6
183361,12
183373,12
183377,4
183383,6
183389,6
183397,8
183437,40
183439,2
183451,12
183461,10
183473,12
183479,6
183487,8
183497,10
183499,2
183503,4
183509,6
183511,2
183523,12
183527,4
183569,42
183571,2
183577,6
183581,4
183587,6
183593,6
183611,18
183637,26
183661,24
183683,22
183691,8
183697,6
183707,10
183709,2
183713,4
183761,48
183763,2
183797,34
183809,12
183823,14
183829,6
183871,42
183877,6
183881,4
183907,26
183917,10
183919,2
183943,24
183949,6
183959,10
183971,12
183973,2
183979,6
184003,24
184007,4
184013,6
184031,18
184039,8
184043,4
184057,14
184073,16
184081,8
184087,6
184111,24
184117,6
184133,16
184153,20
184157,4
184181,24
184187,6
184189,2
184199,10
184211,12
184231,20
184241,10
184259,18
184271,12
184273,2
184279,6
184291,12
184309,18
184321,12
184333,12
184337,4
184351,14
184369,18
184409,40
184417,8
184441,24
184447,6
184463,16
184477,14
184487,10
184489,2
184511,22
184517,6
184523,6
184553,30
184559,6
184567,8
184571,4
184577,6
184607,30
184609,2
184627,18
184631,4
184633,2
184649,16
184651,2
184669,18
184687,18
184693,6
184703,10
184711,8
184721,10
184727,6
184733,6
184753,20
184777,24
184823,46
184829,6
184831,2
184837,6
184843,6
184859,16
184879,20
184901,22
184903,2
184913,10
184949,36
184957,8
184967,10
184969,2
184993,24
184997,4
184999,2
185021,22
185027,6
185051,24
185057,6
185063,6
185069,6
185071,2
185077,6
185089,12
185099,10
185123,24
185131,8
185137,6
185149,12
185153,4
185161,8
185167,6
185177,10
185183,6
185189,6
185221,32
185233,12
185243,10
185267,24
185291,24
185299,8
185303,4
185309,6
185323,14
185327,4
185359,32
185363,4
185369,6
185371,2
185401,30
185429,28
185441,12
185467,26
185477,10
185483,6
185491,8
185519,28
185527,8
185531,4
185533,2
185539,6
185543,4
185551,8
185557,6
185567,10
185569,2
185593,24
185599,6
185621,22
185641,20
185651,10
185677,26
185681,4
185683,2
185693,10
185699,6
185707,8
185711,4
185723,12
185737,14
185747,10
185749,2
185753,4
185767,14
185789,22
185797,8
185813,16
185819,6
185821,2
185831,10
185833,2
185849,16
185869,20
185873,4
185893,20
185897,4
185903,6
185917,14
185923,6
185947,24
185951,4
185957,6
185959,2
185971,12
185987,16
185993,6
186007,14
186013,6
186019,6
186023,4
186037,14
186041,4
186049,8
186071,22
186097,26
186103,6
186107,4
186113,6
186119,6
186149,30
186157,8
186161,4
186163,2
186187,24
186191,4
186211,20
186227,16
186229,2
186239,10
186247,8
186253,6
186259,6
186271,12
186283,12
186299,16
186301,2
186311,10
186317,6
186343,26
186377,34
186379,2
186391,12
186397,6
186419,22
186437,18
186451,14
186469,18
186479,10
186481,2
186551,70
186569,18
186581,12
186583,2
186587,4
186601,14
186619,18
186629,10
186647,18
186649,2
186653,4
186671,18
186679,8
186689,10
186701,12
186707,6
186709,2
186727,18
186733,6
186743,10
186757,14
186761,4
186763,2
186773,10
186793,20
186799,6
186841,42
186859,18
186869,10
186871,2
186877,6
186883,6
186889,6
186917,28
186947,30
186959,12
187003,44
187009,6
187027,18
187043,16
187049,6
187067,18
187069,2
187073,4
187081,8
187091,10
187111,20
187123,12
187127,4
187129,2
187133,4
187139,6
187141,2
187163,22
187171,8
187177,6
187181,4
187189,8
187193,4
187211,18
187217,6
187219,2
187223,4
187237,14
187273,36
187277,4
187303,26
187337,34
187339,2
187349,10
187361,12
187367,6
187373,6
187379,6
187387,8
187393,6
187409,16
187417,8
187423,6
187433,10
187441,8
187463,22
187469,6
187471,2
187477,6
187507,30
187513,6
187531,18
187547,16
187559,12
187573,14
187597,24
187631,34
187633,2
187637,4
187639,2
187651,12
187661,10
187669,8
187687,18
187699,12
187711,12
187721,10
187751,30
187763,12
187787,24
187793,6
187823,30
187843,20
187861,18
187871,10
187877,6
187883,6
187897,14
187907,10
187909,2
187921,12
187927,6
187931,4
187951,20
187963,12
187973,10
187987,14
188011,24
188017,6
188021,4
188029,8
188107,78
188137,30
188143,6
188147,4
188159,12
188171,12
188179,8
188189,10
188197,8
188249,52
188261,12
188273,12
188281,8
188291,10
188299,8
188303,4
188311,8
188317,6
188323,6
188333,10
188351,18
188359,8
188369,10
188389,20
188401,12
188407,6
188417,10
188431,14
188437,6
188443,6
188459,16
188473,14
188483,10
188491,8
188519,28
188527,8
188533,6
188563,30
188579,16
188603,24
188609,6
188621,12
188633,12
188653,20
188677,24
188681,4
188687,6
188693,6
188701,8
188707,6
188711,4
188719,8
188729,10
188753,24
188767,14
188779,12
188791,12
188801,10
188827,26
188831,4
188833,2
188843,10
188857,14
188861,4
188863,2
188869,6
188891,22
188911,20
188927,16
188933,6
188939,6
188941,2
188953,12
188957,4
188983,26
188999,16
189011,12
189017,6
189019,2
189041,22
189043,2
189061,18
189067,6
189127,60
189139,12
189149,10
189151,2
189169,18
189187,18
189199,12
189223,24
189229,6
189239,10
189251,12
189253,2
189257,4
189271,14
189307,36
189311,4
189337,26
189347,10
189349,2
189353,4
189361,8
189377,16
189389,12
189391,2
189401,10
189407,6
189421,14
189433,12
189437,4
189439,2
189463,24
189467,4
189473,6
189479,6
189491,12
189493,2
189509,16
189517,8
189523,6
189529,6
189547,18
189559,12
189583,24
189593,10
189599,6
189613,14
189617,4
189619,2
189643,24
189653,10
189661,8
189671,10
189691,20
189697,6
189701,4
189713,12
189733,20
189743,10
189757,14
189767,10
189797,30
189799,2
189817,18
189823,6
189851,28
189853,2
189859,6
189877,18
189881,4
189887,6
189901,14
189913,12
189929,16
189947,18
189949,2
189961,12
189967,6
189977,10
189983,6
189989,6
189997,8
190027,30
190031,4
190051,20
190063,12
190093,30
190097,4
190121,24
190129,8
190147,18
190159,12
190181,22
190207,26
190243,36
190249,6
190261,12
190271,10
190283,12
190297,14
190301,4
190313,12
190321,8
190331,10
190339,8
190357,18
190367,10
190369,2
190387,18
190391,4
190403,12
190409,6
190471,62
190507,36
190523,16
190529,6
190537,8
190543,6
190573,30
190577,4
190579,2
190583,4
190591,8
190607,16
190613,6
190633,20
190639,6
190649,10
190657,8
190667,10
190669,2
190699,30
190709,10
190711,2
190717,6
190753,36
190759,6
190763,4
190769,6
190783,14
190787,4
190793,6
190807,14
190811,4
190823,12
190829,6
190837,8
190843,6
190871,28
190889,18
190891,2
190901,10
190909,8
190913,4
190921,8
190979,58
190997,18
191021,24
191027,6
191033,6
191039,6
191047,8
191057,10
191071,14
191089,18
191099,10
191119,20
191123,4
191137,14
191141,4
191143,2
191161,18
191173,12
191189,16
191227,38
191231,4
191237,6
191249,12
191251,2
191281,30
191297,16
191299,2
191339,40
191341,2
191353,12
191413,60
191441,28
191447,6
191449,2
191453,4
191459,6
191461,2
191467,6
191473,6
191491,18
191497,6
191507,10
191509,2
191519,10
191531,12
191533,2
191537,4
191551,14
191561,10
191563,2
191579,16
191599,20
191621,22
191627,6
191657,30
191669,12
191671,2
191677,6
191689,12
191693,4
191699,6
191707,8
191717,10
191747,30
191749,2
191773,24
191783,10
191791,8
191801,10
191803,2
191827,24
191831,4
191833,2
191837,4
191861,24
191899,38
191903,4
191911,8
191929,18
191953,24
191969,16
191977,8
191999,22
192007,8
192013,6
192029,16
192037,8
192043,6
192047,4
192053,6
192091,38
192097,6
192103,6
192113,10
192121,8
192133,12
192149,16
192161,12
192173,12
192187,14
192191,4
192193,2
192229,36
192233,4
192239,6
192251,12
192259,8
192263,4
192271,8
192307,36
192317,10
192319,2
192323,4
192341,18
192343,2
192347,4
192373,26
192377,4
192383,6
192391,8
192407,16
192431,24
192461,30
192463,2
192497,34
192499,2
192529,30
192539,10
192547,8
192553,6
192557,4
192571,14
192581,10
192583,2
192587,4
192601,14
192611,10
192613,2
192617,4
192629,12
192631,2
192637,6
192667,30
192677,10
192697,20
192737,40
192743,6
192749,6
192757,8
192767,10
192781,14
192791,10
192799,8
192811,12
192817,6
192833,16
192847,14
192853,6
192859,6
192877,18
192883,6
192887,4
192889,2
192917,28
192923,6
192931,8
192949,18
192961,12
192971,10
192977,6
192979,2
192991,12
193003,12
193009,6
193013,4
193031,18
193043,12
193051,8
193057,6
193073,16
193093,20
193133,40
193139,6
193147,8
193153,6
193163,10
193181,18
193183,2
193189,6
193201,12
193243,42
193247,4
193261,14
193283,22
193301,18
193327,26
193337,10
193357,20
193367,10
193373,6
193379,6
193381,2
193387,6
193393,6
193423,30
193433,10
193441,8
193447,6
193451,4
193463,12
193469,6
193493,24
193507,14
193513,6
193541,28
193549,8
193559,10
193573,14
193577,4
193597,20
193601,4
193603,2
193607,4
193619,12
193649,30
193663,14
193679,16
193703,24
193723,20
193727,4
193741,14
193751,10
193757,6
193763,6
193771,8
193789,18
193793,4
193799,6
193811,12
193813,2
193841,28
193847,6
193859,12
193861,2
193871,10
193873,2
193877,4
193883,6
193891,8
193937,46
193939,2
193943,4
193951,8
193957,6
193979,22
193993,14
194003,10
194017,14
194027,10
194057,30
194069,12
194071,2
194083,12
194087,4
194093,6
194101,8
194113,12
194119,6
194141,22
194149,8
194167,18
194179,12
194197,18
194203,6
194239,36
194263,24
194267,4
194269,2
194309,40
194323,14
194353,30
194371,18
194377,6
194413,36
194431,18
194443,12
194471,28
194479,8
194483,4
194507,24
194521,14
194527,6
194543,16
194569,26
194581,12
194591,10
194609,18
194647,38
194653,6
194659,6
194671,12
194681,10
194683,2
194687,4
194707,20
194713,6
194717,4
194723,6
194729,6
194749,20
194767,18
194771,4
194809,38
194813,4
194819,6
194827,8
194839,12
194861,22
194863,2
194867,4
194869,2
194891,22
194899,8
194911,12
194917,6
194933,16
194963,30
194977,14
194981,4
194989,8
195023,34
195029,6
195043,14
195047,4
195049,2
195053,4
195071,18
195077,6
195089,12
195103,14
195121,18
195127,6
195131,4
195137,6
195157,20
195161,4
195163,2
195193,30
195197,4
195203,6
195229,26
195241,12
195253,12
195259,6
195271,12
195277,6
195281,4
195311,30
195319,8
195329,10
195341,12
195343,2
195353,10
195359,6
195389,30
195401,12
195407,6
195413,6
195427,14
195443,16
195457,14
195469,12
195479,10
195493,14
195497,4
195511,14
195527,16
195539,12
195541,2
195581,40
195593,12
195599,6
195659,60
195677,18
195691,14
195697,6
195709,12
195731,22
195733,2
195737,4
195739,2
195743,4
195751,8
195761,10
195781,20
195787,6
195791,4
195809,18
195817,8
195863,46
195869,6
195883,14
195887,4
195893,6
195907,14
195913,6
195919,6
195929,10
195931,2
195967,36
195971,4
195973,2
195977,4
195991,14
195997,6
196003,6
196033,30
196039,6
196043,4
196051,8
196073,22
196081,8
196087,6
196111,24
196117,6
196139,22
196159,20
196169,10
196171,2
196177,6
196181,4
196187,6
196193,6
196201,8
196247,46
196271,24
196277,6
196279,2
196291,12
196303,12
196307,4
196331,24
196337,6
196379,42
196387,8
196429,42
196439,10
196453,14
196459,6
196477,18
196499,22
196501,2
196519,18
196523,4
196541,18
196543,2
196549,6
196561,12
196579,18
196583,4
196597,14
196613,16
196643,30
196657,14
196661,4
196663,2
196681,18
196687,6
196699,12
196709,10
196717,8
196727,10
196739,12
196751,12
196769,18
196771,2
196799,28
196817,18
196831,14
196837,6
196853,16
196871,18
196873,2
196879,6
196901,22
196907,6
196919,12
196927,8
196961,34
196991,30
196993,2
197003,10
197009,6
197023,14
197033,10
197059,26
197063,4
197077,14
197083,6
197089,6
197101,12
197117,16
197123,6
197137,14
197147,10
197159,12
197161,2
197203,42
197207,4
197221,14
197233,12
197243,10
197257,14
197261,4
197269,8
197273,4
197279,6
197293,14
197297,4
197299,2
197311,12
197339,28
197341,2
197347,6
197359,12
197369,10
197371,2
197381,10
197383,2
197389,6
197419,30
197423,4
197441,18
197453,12
197479,26
197507,28
197521,14
197539,18
197551,12
197567,16
197569,2
197573,4
197597,24
197599,2
197609,10
197621,12
197641,20
197647,6
197651,4
197677,26
197683,6
197689,6
197699,10
197711,12
197713,2
197741,28
197753,12
197759,6
197767,8
197773,6
197779,6
197803,24
197807,4
197831,24
197837,6
197887,50
197891,4
197893,2
197909,16
197921,12
197927,6
197933,6
197947,14
197957,10
197959,2
197963,4
197969,6
197971,2
198013,42
198017,4
198031,14
198043,12
198047,4
198073,26
198083,10
198091,8
198097,6
198109,12
198127,18
198139,12
198173,34
198179,6
198193,14
198197,4
198221,24
198223,2
198241,18
198251,10
198257,6
198259,2
198277,18
198281,4
198301,20
198313,12
198323,10
198337,14
198347,10
198349,2
198377,28
198391,14
198397,6
198409,12
198413,4
198427,14
198437,10
198439,2
198461,22
198463,2
198469,6
198479,10
198491,12
198503,12
198529,26
198533,4
198553,20
198571,18
198589,18
198593,4
198599,6
198613,14
198623,10
198637,14
198641,4
198647,6
198659,12
198673,14
198689,16
198701,12
198719,18
198733,14
198761,28
198769,8
198811,42
198817,6
198823,6
198827,4
198829,2
198833,4
198839,6
198841,2
198851,10
198859,8
198899,40
198901,2
198929,28
198937,8
198941,4
198943,2
198953,10
198959,6
198967,8
198971,4
198977,6
198997,20
199021,24
199033,12
199037,4
199039,2
199049,10
199081,32
199103,22
199109,6
199151,42
199153,2
199181,28
199193,12
199207,14
199211,4
199247,36
199261,14
199267,6
199289,22
199313,24
199321,8
199337,16
199343,6
199357,14
199373,16
199379,6
199399,20
199403,4
199411,8
199417,6
199429,12
199447,18
199453,6
199457,4
199483,26
199487,4
199489,2
199499,10
199501,2
199523,22
199559,36
199567,8
199583,16
199601,18
199603,2
199621,18
199637,16
199657,20
199669,12
199673,4
199679,6
199687,8
199697,10
199721,24
199729,8
199739,10
199741,2
199751,10
199753,2
199777,24
199783,6
199799,16
199807,8
199811,4
199813,2
199819,6
199831,12
199853,22
199873,20
199877,4
199889,12
199909,20
199921,12
199931,10
199933,2
199961,28
199967,6
199999,32
