300007,14
300017,10
300023,6
300043,20
300073,30
300089,16
300109,20
300119,10
300137,18
300149,12
300151,2
300163,12
300187,24
300191,4
300193,2
300221,28
300229,8
300233,4
300239,6
300247,8
300277,30
300299,22
300301,2
300317,16
300319,2
300323,4
300331,8
300343,12
300347,4
300367,20
300397,30
300413,16
300427,14
300431,4
300439,8
300463,24
300481,18
300491,10
300493,2
300497,4
300499,2
300511,12
300557,46
300569,12
300581,12
300583,2
300589,6
300593,4
300623,30
300631,8
300647,16
300649,2
300661,12
300667,6
300673,6
300683,10
300691,8
300719,28
300721,2
300733,12
300739,6
300743,4
300749,6
300757,8
300761,4
300779,18
300787,8
300799,12
300809,10
300821,12
300823,2
300851,28
300857,6
300869,12
300877,8
300889,12
300893,4
300929,36
300931,2
300953,22
300961,8
300967,6
300973,6
300977,4
300997,20
301013,16
301027,14
301039,12
301051,12
301057,6
301073,16
301079,6
301123,44
301127,4
301141,14
301153,12
301159,6
301177,18
301181,4
301183,2
301211,28
301219,8
301237,18
301241,4
301243,2
301247,4
301267,20
301303,36
301319,16
301331,12
301333,2
301349,16
301361,12
301363,2
301381,18
301403,22
301409,6
301423,14
301429,6
301447,18
301459,12
301463,4
301471,8
301487,16
301489,2
301493,4
301501,8
301531,30
301577,46
301579,2
301583,4
301591,8
301601,10
301619,18
301627,8
301643,16
301649,6
301657,8
301669,12
301673,4
301681,8
301703,22
301711,8
301747,36
301751,4
301753,2
301759,6
301789,30
301793,4
301813,20
301831,18
301841,10
301843,2
301867,24
301877,10
301897,20
301901,4
301907,6
301913,6
301927,14
301933,6
301943,10
301949,6
301979,30
301991,12
301993,2
301997,4
301999,2
302009,10
302053,44
302111,58
302123,12
302143,20
302167,24
302171,4
302173,2
302189,16
302191,2
302213,22
302221,8
302227,6
302261,34
302273,12
302279,6
302287,8
302297,10
302299,2
302317,18
302329,12
302399,70
302411,12
302417,6
302429,12
302443,14
302459,16
302483,24
302507,24
302513,6
302551,38
302563,12
302567,4
302573,6
302579,6
302581,2
302587,6
302593,6
302597,4
302609,12
302629,20
302647,18
302663,16
302681,18
302711,30
302723,12
302747,24
302759,12
302767,8
302779,12
302791,12
302801,10
302831,30
302833,2
302837,4
302843,6
302851,8
302857,6
302873,16
302891,18
302903,12
302909,6
302921,12
302927,6
302941,14
302959,18
302969,10
302971,2
302977,6
302983,6
302989,6
302999,10
303007,8
303011,4
303013,2
303019,6
303029,10
303049,20
303053,4
303073,20
303089,16
303091,2
303097,6
303119,22
303139,20
303143,4
303151,8
303157,6
303187,30
303217,30
303257,40
303271,14
303283,12
303287,4
303293,6
303299,6
303307,8
303313,6
303323,10
303337,14
303341,4
303361,20
303367,6
303371,4
303377,6
303379,2
303389,10
303409,20
303421,12
303431,10
303463,32
303469,6
303473,4
303491,18
303493,2
303497,4
303529,32
303539,10
303547,8
303551,4
303553,2
303571,18
303581,10
303587,6
303593,6
303613,20
303617,4
303619,2
303643,24
303647,4
303649,2
303679,30
303683,4
303689,6
303691,2
303703,12
303713,10
303727,14
303731,4
303749,18
303767,18
303781,14
303803,22
303817,14
303827,10
303839,12
303859,20
303871,12
303889,18
303907,18
303917,10
303931,14
303937,6
303959,22
303983,24
303997,14
304009,12
304013,4
304021,8
304033,12
304039,6
304049,10
304063,14
304067,4
304069,2
304081,12
304091,10
304099,8
304127,28
304151,24
304153,2
304163,10
304169,6
304193,24
304211,18
304217,6
304223,6
304253,30
304259,6
304279,20
304301,22
304303,2
304331,28
304349,18
304357,8
304363,6
304373,10
304391,18
304393,2
304411,18
304417,6
304429,12
304433,4
304439,6
304457,18
304459,2
304477,18
304481,4
304489,8
304501,12
304511,10
304517,6
304523,6
304537,14
304541,4
304553,12
304559,6
304561,2
304597,36
304609,12
304631,22
304643,12
304651,8
304663,12
304687,24
304709,22
304723,14
304729,6
304739,10
304751,12
304757,6
304763,6
304771,8
304781,10
304789,8
304807,18
304813,6
304831,18
304847,16
304849,2
304867,18
304879,12
304883,4
304897,14
304901,4
304903,2
304907,4
304933,26
304937,4
304943,6
304949,6
304961,12
304979,18
304981,2
305017,36
305021,4
305023,2
305029,6
305033,4
305047,14
305069,22
305093,24
305101,8
305111,10
305113,2
305119,6
305131,12
305143,12
305147,4
305209,62
305219,10
305231,12
305237,6
305243,6
305267,24
305281,14
305297,16
305329,32
305339,10
305351,12
305353,2
305363,10
305369,6
305377,8
305401,24
305407,6
305411,4
305413,2
305419,6
305423,4
305441,18
305449,8
305471,22
305477,6
305479,2
305483,4
305489,6
305497,8
305521,24
305533,12
305551,18
305563,12
305581,18
305593,12
305597,4
305603,6
305611,8
305621,10
305633,12
305639,6
305663,24
305717,54
305719,2
305741,22
305743,2
305749,6
305759,10
305761,2
305771,10
305783,12
305803,20
305821,18
305839,18
305849,10
305857,8
305861,4
305867,6
305873,6
305917,44
305927,10
305933,6
305947,14
305971,24
305999,28
306011,12
306023,12
306029,6
306041,12
306049,8
306083,34
306091,8
306121,30
306133,12
306139,6
306149,10
306157,8
306167,10
306169,2
306191,22
306193,2
306209,16
306239,30
306247,8
306253,6
306259,6
306263,4
306301,38
306329,28
306331,2
306347,16
306349,2
306359,10
306367,8
306377,10
306389,12
306407,18
306419,12
306421,2
306431,10
306437,6
306457,20
306463,6
306473,10
306479,6
306491,12
306503,12
306511,8
306517,6
306529,12
306533,4
306541,8
306563,22
306577,14
306587,10
306589,2
306643,54
306653,10
306661,8
306689,28
306701,12
306703,2
306707,4
306727,20
306739,12
306749,10
306763,14
306781,18
306809,28
306821,12
306827,6
306829,2
306847,18
306853,6
306857,4
306871,14
306877,6
306883,6
306893,10
306899,6
306913,14
306919,6
306941,22
306947,6
306949,2
306953,4
306991,38
307009,18
307019,10
307031,12
307033,2
307067,34
307079,12
307091,12
307093,2
307103,10
307121,18
307129,8
307147,18
307163,16
307169,6
307171,2
307187,16
307189,2
307201,12
307243,42
307253,10
307259,6
307261,2
307267,6
307273,6
307277,4
307283,6
307289,6
307301,12
307337,36
307339,2
307361,22
307367,6
307381,14
307397,16
307399,2
307409,10
307423,14
307451,28
307471,20
307481,10
307511,30
307523,12
307529,6
307537,8
307543,6
307577,34
307583,6
307589,6
307609,20
307627,18
307631,4
307633,2
307639,6
307651,12
307669,18
307687,18
307691,4
307693,2
307711,18
307733,22
307759,26
307817,58
307823,6
307831,8
307843,12
307859,16
307871,12
307873,2
307891,18
307903,12
307919,16
307939,20
307969,30
308003,34
308017,14
308027,10
308041,14
308051,10
308081,30
308093,12
308101,8
308107,6
308117,10
308129,12
308137,8
308141,4
308149,8
308153,4
308213,60
308219,6
308249,30
308263,14
308291,28
308293,2
308303,10
308309,6
308311,2
308317,6
308323,6
308327,4
308333,6
308359,26
308383,24
308411,28
308423,12
308437,14
308447,10
308467,20
308489,22
308491,2
308501,10
308507,6
308509,2
308519,10
308521,2
308527,6
308537,10
308551,14
308569,18
308573,4
308587,14
308597,10
308621,24
308639,18
308641,2
308663,22
308681,18
308701,20
308713,12
308723,10
308761,38
308773,12
308801,28
308809,8
308813,4
308827,14
308849,22
308851,2
308857,6
308887,30
308899,12
308923,24
308927,4
308929,2
308933,4
308939,6
308951,12
308989,38
308999,10
309007,8
309011,4
309013,2
309019,6
309031,12
309037,6
309059,22
309079,20
309083,4
309091,8
309107,16
309109,2
309121,12
309131,10
309137,6
309157,20
309167,10
309173,6
309193,20
309223,30
309241,18
309251,10
309259,8
309269,10
309271,2
309277,6
309289,12
309293,4
309311,18
309313,2
309317,4
309359,42
309367,8
309371,4
309391,20
309403,12
309433,30
309437,4
309457,20
309461,4
309469,8
309479,10
309481,2
309493,12
309503,10
309521,18
309523,2
309539,16
309541,2
309559,18
309571,12
309577,6
309583,6
309599,16
309623,24
309629,6
309637,8
309667,30
309671,4
309677,6
309707,30
309713,6
309731,18
309737,6
309769,32
309779,10
309781,2
309797,16
309811,14
309823,12
309851,28
309853,2
309857,4
309877,20
309899,22
309929,30
309931,2
309937,6
309977,40
309989,12
310019,30
310021,2
310027,6
310043,16
310049,6
310081,32
310087,6
310091,4
310111,20
310117,6
310127,10
310129,2
310169,40
310181,12
310187,6
310223,36
310229,6
310231,2
310237,6
310243,6
310273,30
310283,10
310291,8
310313,22
310333,20
310357,24
310361,4
310363,2
310379,16
310397,18
310423,26
310433,10
310439,6
310447,8
310459,12
310463,4
310481,18
310489,8
310501,12
310507,6
310511,4
310547,36
310553,6
310559,6
310567,8
310571,4
310577,6
310591,14
310627,36
310643,16
310663,20
310693,30
310697,4
310711,14
310721,10
310727,6
310729,2
310733,4
310741,8
310747,6
310771,24
310781,10
310789,8
310801,12
310819,18
310823,4
310829,6
310831,2
310861,30
310867,6
310883,16
310889,6
310901,12
310927,26
310931,4
310949,18
310969,20
310987,18
310997,10
311009,12
311021,12
311027,6
311033,6
311041,8
311099,58
311111,12
311123,12
311137,14
311153,16
311173,20
311177,4
311183,6
311189,6
311197,8
311203,6
311237,34
311279,42
311291,12
311293,2
311299,6
311303,4
311323,20
311329,6
311341,12
311347,6
311359,12
311371,12
311393,22
311407,14
311419,12
311447,28
311453,6
311473,20
311533,60
311537,4
311539,2
311551,12
311557,6
311561,4
311567,6
311569,2
311603,34
311609,6
311653,44
311659,6
311677,18
311681,4
311683,2
311687,4
311711,24
311713,2
311737,24
311743,6
311747,4
311749,2
311791,42
311803,12
311807,4
311821,14
311827,6
311867,40
311869,2
311881,12
311897,16
311951,54
311957,6
311963,6
311981,18
312007,26
312023,16
312029,6
312031,2
312043,12
312047,4
312071,24
312073,2
312083,10
312089,6
312101,12
312107,6
312121,14
312161,40
312197,36
312199,2
312203,4
312209,6
312211,2
312217,6
312229,12
312233,4
312241,8
312251,10
312253,2
312269,16
312281,12
312283,2
312289,6
312311,22
312313,2
312331,18
312343,12
312349,6
312353,4
312371,18
312383,12
312397,14
312401,4
312407,6
312413,6
312427,14
312451,24
312469,18
312509,40
312517,8
312527,10
312551,24
312553,2
312563,10
312581,18
312583,2
312589,6
312601,12
312617,16
312619,2
312623,4
312643,20
312673,30
312677,4
312679,2
312701,22
312703,2
312709,6
312727,18
312737,10
312743,6
312757,14
312773,16
312779,6
312799,20
312839,40
312841,2
312857,16
312863,6
312887,24
312899,12
312929,30
312931,2
312937,6
312941,4
312943,2
312967,24
312971,4
312979,8
312989,10
313003,14
313009,6
313031,22
313037,6
313081,44
313087,6
313109,22
313127,18
313129,2
313133,4
313147,14
313151,4
313153,2
313163,10
313207,44
313211,4
313219,8
313241,22
313249,8
313267,18
313273,6
313289,16
313297,8
313301,4
313307,6
313321,14
313331,10
313333,2
313343,10
313351,8
313373,22
313381,8
313387,6
313399,12
313409,10
313471,62
313477,6
313507,30
313517,10
313543,26
313549,6
313553,4
313561,8
313567,6
313571,4
313583,12
313589,6
313597,8
313603,6
313613,10
313619,6
313637,18
313639,2
313661,22
313669,8
313679,10
313699,20
313711,12
313717,6
313721,4
313727,6
313739,12
313741,2
313763,22
313777,14
313783,6
313829,46
313849,20
313853,4
313879,26
313883,4
313889,6
313897,8
313909,12
313921,12
313931,10
313933,2
313949,16
313961,12
313969,8
313979,10
313981,2
313987,6
313991,4
313993,2
313997,4
314003,6
314021,18
314059,38
314063,4
314077,14
314107,30
314113,6
314117,4
314129,12
314137,8
314159,22
314161,2
314173,12
314189,16
314213,24
314219,6
314227,8
314233,6
314239,6
314243,4
314257,14
314261,4
314263,2
314267,4
314299,32
314329,30
314339,10
314351,12
314357,6
314359,2
314399,40
314401,2
314407,6
314423,16
314441,18
314453,12
314467,14
314491,24
314497,6
314513,16
314527,14
314543,16
314549,6
314569,20
314581,12
314591,10
314597,6
314599,2
314603,4
314623,20
314627,4
314641,14
314651,10
314693,42
314707,14
314711,4
314719,8
314723,4
314747,24
314761,14
314771,10
314777,6
314779,2
314807,28
314813,6
314827,14
314851,24
314879,28
314903,24
314917,14
314927,10
314933,6
314953,20
314957,4
314983,26
314989,6
315011,22
315013,2
315037,24
315047,10
315059,12
315067,8
315083,16
315097,14
315103,6
315109,6
315127,18
315179,52
315181,2
315193,12
315199,6
315223,24
315247,24
315251,4
315257,6
315269,12
315281,12
315313,32
315349,36
315361,12
315373,12
315377,4
315389,12
315407,18
315409,2
315421,12
315437,16
315449,12
315451,2
315461,10
315467,6
315481,14
315493,12
315517,24
315521,4
315527,6
315529,2
315547,18
315551,4
315559,8
315569,10
315589,20
315593,4
315599,6
315613,14
315617,4
315631,14
315643,12
315671,28
315677,6
315691,14
315697,6
315701,4
315703,2
315739,36
315743,4
315751,8
315779,28
315803,24
315811,8
315829,18
315851,22
315857,6
315881,24
315883,2
315893,10
315899,6
315907,8
315937,30
315949,12
315961,12
315967,6
315977,10
316003,26
316031,28
316033,2
316037,4
316051,14
316067,16
316073,6
316087,14
316097,10
316109,12
316133,24
316139,6
316153,14
316177,24
316189,12
316193,4
316201,8
316213,12
316219,6
316223,4
316241,18
316243,2
316259,16
316271,12
316291,20
316297,6
316301,4
316321,20
316339,18
316343,4
316363,20
316373,10
316391,18
316403,12
316423,20
316429,6
316439,10
316453,14
316469,16
316471,2
316493,22
316499,6
316501,2
316507,6
316531,24
316567,36
316571,4
316577,6
316583,6
316621,38
316633,12
316637,4
316649,12
316661,12
316663,2
316681,18
316691,10
316697,6
316699,2
316703,4
316717,14
316753,36
316759,6
316769,10
316777,8
316783,6
316793,10
316801,8
316817,16
316819,2
316847,28
316853,6
316859,6
316861,2
316879,18
316891,12
316903,12
316907,4
316919,12
316937,18
316951,14
316957,6
316961,4
316991,30
317003,12
317011,8
317021,10
317029,8
317047,18
317063,16
317071,8
317077,6
317087,10
317089,2
317123,34
317159,36
317171,12
317179,8
317189,10
317197,8
317209,12
317227,18
317257,30
317263,6
317267,4
317269,2
317279,10
317321,42
317323,2
317327,4
317333,6
317351,18
317353,2
317363,10
317371,8
317399,28
317411,12
317419,8
317431,12
317437,6
317453,16
317459,6
317483,24
317489,6
317491,2
317503,12
317539,36
317557,18
317563,6
317587,24
317591,4
317593,2
317599,6
317609,10
317617,8
317621,4
317651,30
317663,12
317671,8
317693,22
317701,8
317711,10
317717,6
317729,12
317731,2
317741,10
317743,2
317771,28
317773,2
317777,4
317783,6
317789,6
317797,8
317827,30
317831,4
317839,8
317857,18
317887,30
317903,16
317921,18
317923,2
317957,34
317959,2
317963,4
317969,6
317971,2
317983,12
317987,4
318001,14
318007,6
318023,16
318077,54
318103,26
318107,4
318127,20
318137,10
318161,24
318173,12
318179,6
318181,2
318191,10
318203,12
318209,6
318211,2
318229,18
318233,4
318247,14
318259,12
318271,12
318281,10
318287,6
318289,2
318299,10
318301,2
318313,12
318319,6
318323,4
318337,14
318347,10
318349,2
318377,28
318403,26
318407,4
318419,12
318431,12
318443,12
318457,14
318467,10
318473,6
318503,30
318523,20
318557,34
318559,2
318569,10
318581,12
318589,8
318601,12
318629,28
318641,12
318653,12
318671,18
318677,6
318679,2
318683,4
318691,8
318701,10
318713,12
318737,24
318743,6
318749,6
318751,2
318781,30
318793,12
318809,16
318811,2
318817,6
318823,6
318833,10
318841,8
318863,22
318881,18
318883,2
318889,6
318907,18
318911,4
318917,6
318919,2
318949,30
318979,30
319001,22
319027,26
319031,4
319037,6
319049,12
319057,8
319061,4
319069,8
319093,24
319097,4
319117,20
319127,10
319129,2
319133,4
319147,14
319159,12
319169,10
319183,14
319201,18
319211,10
319223,12
319237,14
319259,22
319279,20
319289,10
319313,24
319321,8
319327,6
319339,12
319343,4
319351,8
319357,6
319387,30
319391,4
319399,8
319411,12
319427,16
319433,6
319439,6
319441,2
319453,12
319469,16
319477,8
319483,6
319489,6
319499,10
319511,12
319519,8
319541,22
319547,6
319567,20
319577,10
319589,12
319591,2
319601,10
319607,6
319639,32
319673,34
319679,6
319681,2
319687,6
319691,4
319699,8
319727,28
319729,2
319733,4
319747,14
319757,10
319763,6
319811,48
319817,6
319819,2
319829,10
319831,2
319849,18
319883,34
319897,14
319901,4
319919,18
319927,8
319931,4
319937,6
319967,30
319973,6
319981,8
319993,12
320009,16
320011,2
320027,16
320039,12
320041,2
320053,12
320057,4
320063,6
320081,18
320083,2
320101,18
320107,6
320113,6
320119,6
320141,22
320143,2
320149,6
320153,4
320179,26
320209,30
320213,4
320219,6
320237,18
320239,2
320267,28
320269,2
320273,4
320291,18
320293,2
320303,10
320317,14
320329,12
320339,10
320377,38
320387,10
320389,2
320401,12
320417,16
320431,14
320449,18
320471,22
320477,6
320483,6
320513,30
320521,8
320533,12
320539,6
320561,22
320563,2
320591,28
320609,18
320611,2
320627,16
320647,20
320657,10
320659,2
320669,10
320687,18
320693,6
320699,6
320713,14
320741,28
320759,18
320767,8
320791,24
320821,30
320833,12
320839,6
320843,4
320851,8
320861,10
320867,6
320899,32
320911,12
320923,12
320927,4
320939,12
320941,2
320953,12
321007,54
321017,10
321031,14
321037,6
321047,10
321053,6
321073,20
321077,4
321091,14
321109,18
321143,34
321163,20
321169,6
321187,18
321193,6
321199,6
321203,4
321221,18
321227,6
321239,12
321247,8
321289,42
321301,12
321311,10
321313,2
321319,6
321323,4
321329,6
321331,2
321341,10
321359,18
321367,8
321371,4
321383,12
321397,14
321403,6
321413,10
321427,14
321443,16
321449,6
321467,18
321469,2
321509,40
321547,38
321553,6
321569,16
321571,2
321577,6
321593,16
321611,18
321617,6
321619,2
321631,12
321647,16
321661,14
321679,18
321707,28
321709,2
321721,12
321733,12
321743,10
321751,8
321757,6
321779,22
321799,20
321817,18
321821,4
321823,2
321829,6
321833,4
321847,14
321851,4
321889,38
321901,12
321911,10
321947,36
321949,2
321961,12
321983,22
321991,8
322001,10
322009,8
322013,4
322037,24
322039,2
322051,12
322057,6
322067,10
322073,6
322079,6
322093,14
322097,4
322109,12
322111,2
322139,28
322169,30
322171,2
322193,22
322213,20
322229,16
322237,8
322243,6
322247,4
322249,2
322261,12
322271,10
322319,48
322327,8
322339,12
322349,10
322351,2
322397,46
322403,6
322409,6
322417,8
322429,12
322433,4
322459,26
322463,4
322501,38
322513,12
322519,6
322523,4
322537,14
322549,12
322559,10
322571,12
322573,2
322583,10
322589,6
322591,2
322607,16
322613,6
322627,14
322631,4
322633,2
322649,16
322669,20
322709,40
322727,18
322747,20
322757,10
322769,12
322771,2
322781,10
322783,2
322807,24
322849,42
322859,10
322871,12
322877,6
322891,14
322901,10
322919,18
322921,2
322939,18
322951,12
322963,12
322969,6
322997,28
322999,2
323003,4
323009,6
323027,18
323053,26
323077,24
323083,6
323087,4
323093,6
323101,8
323123,22
323131,8
323137,6
323149,12
323201,52
323207,6
323233,26
323243,10
323249,6
323251,2
323273,22
323333,60
323339,6
323341,2
323359,18
323369,10
323371,2
323377,6
323381,4
323383,2
323413,30
323419,6
323441,22
323443,2
323467,24
323471,4
323473,2
323507,34
323509,2
323537,28
323549,12
323567,18
323579,12
323581,2
323591,10
323597,6
323599,2
323623,24
323641,18
323647,6
323651,4
323699,48
323707,8
323711,4
323717,6
323759,42
323767,8
323789,22
323797,8
323801,4
323803,2
323819,16
323837,18
323879,42
323899,20
323903,4
323923,20
323927,4
323933,6
323951,18
323957,6
323987,30
324011,24
324031,20
324053,22
324067,14
324073,6
324089,16
324097,8
324101,4
324113,12
324119,6
324131,12
324143,12
324151,8
324161,10
324179,18
324199,20
324209,10
324211,2
324217,6
324223,6
324239,16
324251,12
324293,42
324299,6
324301,2
324319,18
324329,10
324341,12
324361,20
324391,30
324397,6
324403,6
324419,16
324427,8
324431,4
324437,6
324439,2
324449,10
324451,2
324469,18
324473,4
324491,18
324497,6
324503,6
324517,14
324523,6
324529,6
324557,28
324587,30
324589,2
324593,4
324617,24
324619,2
324637,18
324641,4
324647,6
324661,14
324673,12
324689,16
324697,8
324707,10
324733,26
324743,10
324757,14
324763,6
324773,10
324781,8
324791,10
324799,8
324809,10
324811,2
324839,28
324847,8
324869,22
324871,2
324889,18
324893,4
324901,8
324931,30
324941,10
324949,8
324953,4
324977,24
324979,2
324983,4
324991,8
324997,6
325001,4
325009,8
325019,10
325021,2
325027,6
325043,16
325051,8
325063,12
325079,16
325081,2
325093,12
325133,40
325153,20
325163,10
325181,18
325187,6
325189,2
325201,12
325217,16
325219,2
325229,10
325231,2
325249,18
325271,22
325301,30
325307,6
325309,2
325319,10
325333,14
325343,10
325349,6
325379,30
325411,32
325421,10
325439,18
325447,8
325453,6
325459,6
325463,4
325477,14
325487,10
325513,26
325517,4
325537,20
325541,4
325543,2
325571,28
325597,26
325607,10
325627,20
325631,4
325643,12
325667,24
325673,6
325681,8
325691,10
325693,2
325697,4
325709,12
325723,14
325729,6
325747,18
325751,4
325753,2
325769,16
325777,8
325781,4
325783,2
325807,24
325813,6
325849,36
325861,12
325877,16
325883,6
325889,6
325891,2
325901,10
325921,20
325939,18
325943,4
325951,8
325957,6
325987,30
325993,6
325999,6
326023,24
326057,34
326063,6
326083,20
326087,4
326099,12
326101,2
326113,12
326119,6
326141,22
326143,2
326147,4
326149,2
326153,4
326159,6
326171,12
326189,18
326203,14
326219,16
326251,32
326257,6
326309,52
326323,14
326351,28
326353,2
326369,16
326437,68
326441,4
326449,8
326467,18
326479,12
326497,18
326503,6
326537,34
326539,2
326549,10
326561,12
326563,2
326567,4
326581,14
326593,12
326597,4
326609,12
326611,2
326617,6
326633,16
326657,24
326659,2
326663,4
326681,18
326687,6
326693,6
326701,8
326707,6
326737,30
326741,4
326773,32
326779,6
326831,52
326863,32
326867,4
326869,2
326873,4
326881,8
326903,22
326923,20
326939,16
326941,2
326947,6
326951,4
326983,32
326993,10
326999,6
327001,2
327007,6
327011,4
327017,6
327023,6
327059,36
327071,12
327079,8
327127,48
327133,6
327163,30
327179,16
327193,14
327203,10
327209,6
327211,2
327247,36
327251,4
327263,12
327277,14
327289,12
327307,18
327311,4
327317,6
327319,2
327331,12
327337,6
327343,6
327347,4
327401,54
327407,6
327409,2
327419,10
327421,2
327433,12
327443,10
327463,20
327469,6
327473,4
327479,6
327491,12
327493,2
327499,6
327511,12
327517,6
327529,12
327553,24
327557,4
327559,2
327571,12
327581,10
327583,2
327599,16
327619,20
327629,10
327647,18
327661,14
327667,6
327673,6
327689,16
327707,18
327721,14
327737,16
327739,2
327757,18
327779,22
327797,18
327799,2
327809,10
327823,14
327827,4
327829,2
327839,10
327851,12
327853,2
327869,16
327871,2
327881,10
327889,8
327917,28
327923,6
327941,18
327953,12
327967,14
327979,12
327983,4
328007,24
328037,30
328043,6
328051,8
328061,10
328063,2
328067,4
328093,26
328103,10
328109,6
328121,12
328127,6
328129,2
328171,42
328177,6
328213,36
328243,30
328249,6
328271,22
328277,6
328283,6
328291,8
328303,12
328327,24
328331,4
328333,2
328343,10
328357,14
328373,16
328379,6
328381,2
328397,16
328411,14
328421,10
328429,8
328439,10
328481,42
328511,30
328513,2
328519,6
328543,24
328579,36
328589,10
328591,2
328619,28
328621,2
328633,12
328637,4
328639,2
328651,12
328667,16
328687,20
328709,22
328721,12
328753,32
328777,24
328781,4
328787,6
328789,2
328813,24
328829,16
328837,8
328847,10
328849,2
328883,34
328891,8
328897,6
328901,4
328919,18
328921,2
328931,10
328961,30
328981,20
329009,28
329027,18
329053,26
329059,6
329081,22
329083,2
329089,6
329101,12
329111,10
329123,12
329143,20
329167,24
329177,10
329191,14
329201,10
329207,6
329209,2
329233,24
329243,10
329257,14
329267,10
329269,2
329281,12
329293,12
329297,4
329299,2
329309,10
329317,8
329321,4
329333,12
329347,14
329387,40
329393,6
329401,8
329419,18
329431,12
329471,40
329473,2
329489,16
329503,14
329519,16
329533,14
329551,18
329557,6
329587,30
329591,4
329597,6
329603,6
329617,14
329627,10
329629,2
329639,10
329657,18
329663,6
329671,8
329677,6
329683,6
329687,4
329711,24
329717,6
329723,6
329729,6
329761,32
329773,12
329779,6
329789,10
329801,12
329803,2
329863,60
329867,4
329873,6
329891,18
329899,8
329941,42
329947,6
329951,4
329957,6
329969,12
329977,8
329993,16
329999,6
330017,18
330019,2
330037,18
330041,4
330047,6
330053,6
330061,8
330067,6
330097,30
330103,6
330131,28
330133,2
330139,6
330149,10
330167,18
330199,32
330203,4
330217,14
330227,10
330229,2
330233,4
330241,8
330247,6
330271,24
330287,16
330289,2
330311,22
330313,2
330329,16
330331,2
330347,16
330359,12
330383,24
330389,6
330409,20
330413,4
330427,14
330431,4
330433,2
330439,6
330469,30
330509,40
330557,48
330563,6
330569,6
330587,18
330607,20
330611,4
330623,12
330641,18
330643,2
330653,10
330661,8
330679,18
330683,4
330689,6
330697,8
330703,6
330719,16
330721,2
330731,10
330749,18
330767,18
330787,20
330791,4
330793,2
330821,28
330823,2
330839,16
330853,14
330857,4
330859,2
330877,18
330887,10
330899,12
330907,8
330917,10
330943,26
330983,40
330997,14
331013,16
331027,14
331031,4
331043,12
331063,20
331081,18
331099,18
331127,28
331141,14
331147,6
331153,6
331159,6
331171,12
331183,12
331207,24
331213,6
331217,4
331231,14
331241,10
331249,8
331259,10
331277,18
331283,6
331301,18
331307,6
331319,12
331333,14
331337,4
331339,2
331349,10
331367,18
331369,2
331391,22
331399,8
331423,24
331447,24
331451,4
331489,38
331501,12
331511,10
331519,8
331523,4
331537,14
331543,6
331547,4
331549,2
331553,4
331577,24
331579,2
331589,10
331603,14
331609,6
331613,4
331651,38
331663,12
331691,28
331693,2
331697,4
331711,14
331739,28
331753,14
331769,16
331777,8
331781,4
331801,20
331819,18
331841,22
331843,2
331871,28
331883,12
331889,6
331897,8
331907,10
331909,2
331921,12
331937,16
331943,6
331957,14
331967,10
331973,6
331997,24
331999,2
332009,10
332011,2
332039,28
332053,14
332069,16
332081,12
332099,18
332113,14
332117,4
332147,30
332159,12
332161,2
332179,18
332183,4
332191,8
332201,10
332203,2
332207,4
332219,12
332221,2
332251,30
332263,12
332273,10
332287,14
332303,16
332309,6
332317,8
332393,76
332399,6
332411,12
332417,6
332441,24
332447,6
332461,14
332467,6
332471,4
332473,2
332477,4
332489,12
332509,20
332513,4
332561,48
332567,6
332569,2
332573,4
332611,38
332617,6
332623,6
332641,18
332687,46
332699,12
332711,12
332729,18
332743,14
332749,6
332767,18
332779,12
332791,12
332803,12
332837,34
332851,14
332873,22
332881,8
332887,6
332903,16
332921,18
332933,12
332947,14
332951,4
332987,36
332989,2
332993,4
333019,26
333023,4
333029,6
333031,2
333041,10
333049,8
333071,22
333097,26
333101,4
333103,2
333107,4
333131,24
333139,8
333161,22
333187,26
333197,10
333209,12
333227,18
333233,6
333253,20
333269,16
333271,2
333283,12
333287,4
333299,12
333323,24
333331,8
333337,6
333341,4
333349,8
333367,18
333383,16
333397,14
333419,22
333427,8
333433,6
333439,6
333449,10
333451,2
333457,6
333479,22
333491,12
333493,2
333497,4
333503,6
333517,14
333533,16
333539,6
333563,24
333581,18
333589,8
333623,34
333631,8
333647,16
333667,20
333673,6
333679,6
333691,12
333701,10
333713,12
333719,6
333721,2
333737,16
333757,20
333769,12
333779,10
333787,8
333791,4
333793,2
333803,10
333821,18
333857,36
333871,14
333911,40
333923,12
333929,6
333941,12
333959,18
333973,14
333989,16
333997,8
334021,24
334031,10
334043,12
334049,6
334057,8
334069,12
334093,24
334099,6
334127,28
334133,6
334157,24
334171,14
334177,6
334183,6
334189,6
334199,10
334231,32
334247,16
334261,14
334289,28
334297,8
334319,22
334331,12
334333,2
334349,16
334363,14
334379,16
334387,8
334393,6
334403,10
334421,18
334423,2
334427,4
334429,2
334447,18
334487,40
334493,6
334507,14
334511,4
334513,2
334541,28
334547,6
334549,2
334561,12
334603,42
334619,16
334637,18
334643,6
334651,8
334661,10
334667,6
334681,14
334693,12
334699,6
334717,18
334721,4
334727,6
334751,24
334753,2
334759,6
334771,12
334777,6
334783,6
334787,4
334793,6
334843,50
334861,18
334877,16
334889,12
334891,2
334897,6
334931,34
334963,32
334973,10
334987,14
334991,4
334993,2
335009,16
335021,12
335029,8
335033,4
335047,14
335051,4
335057,6
335077,20
335081,4
335089,8
335107,18
335113,6
335117,4
335123,6
335131,8
335149,18
335161,12
335171,10
335173,2
335207,34
335213,6
335221,8
335249,28
335261,12
335273,12
335281,8
335299,18
335323,24
335341,18
335347,6
335381,34
335383,2
335411,28
335417,6
335429,12
335449,20
335453,4
335459,6
335473,14
335477,4
335507,30
335519,12
335527,8
335539,12
335557,18
335567,10
335579,12
335591,12
335609,18
335633,24
335641,8
335653,12
335663,10
335669,6
335681,12
335689,8
335693,4
335719,26
335729,10
335743,14
335747,4
335771,24
335807,36
335809,2
335813,4
335821,8
335833,12
335843,10
335857,14
335879,22
335893,14
335897,4
335917,20
335941,24
335953,12
335957,4
335999,42
336029,30
336031,2
336041,10
336059,18
336079,20
336101,22
336103,2
336109,6
336113,4
336121,8
336143,22
336151,8
336157,6
336163,6
336181,18
336199,18
336211,12
336221,10
336223,2
336227,4
336239,12
336247,8
336251,4
336253,2
336263,10
336307,44
336317,10
336353,36
336361,8
336373,12
336397,24
336403,6
336419,16
336437,18
336463,26
336491,28
336499,8
336503,4
336521,18
336527,6
336529,2
336533,4
336551,18
336563,12
336571,8
336577,6
336587,10
336593,6
336599,6
336613,14
336631,18
336643,12
336649,6
336653,4
336667,14
336671,4
336683,12
336689,6
336703,14
336727,24
336757,30
336761,4
336767,6
336769,2
336773,4
336793,20
336799,6
336803,4
336823,20
336827,4
336829,2
336857,28
336863,6
336871,8
336887,16
336899,12
336901,2
336911,10
336929,18
336961,32
336977,16
336983,6
336989,6
336997,8
337013,16
337021,8
337031,10
337039,8
337049,10
337069,20
337081,12
337091,10
337097,6
337121,24
337153,32
337189,36
337201,12
337213,12
337217,4
337219,2
337223,4
337261,38
337277,16
337279,2
337283,4
337291,8
337301,10
337313,12
337327,14
337339,12
337343,4
337349,6
337361,12
337367,6
337369,2
337397,28
337411,14
337427,16
337453,26
337457,4
337487,30
337489,2
337511,22
337517,6
337529,12
337537,8
337541,4
337543,2
337583,40
337607,24
337609,2
337627,18
337633,6
337639,6
337651,12
337661,10
337669,8
337681,12
337691,10
337697,6
337721,24
337741,20
337751,10
337759,8
337781,22
337793,12
337817,24
337837,20
337853,16
337859,6
337861,2
337867,6
337871,4
337873,2
337891,18
337901,10
337903,2
337907,4
337919,12
337949,30
337957,8
337969,12
337973,4
337999,26
338017,18
338027,10
338033,6
338119,86
338137,18
338141,4
338153,12
338159,6
338161,2
338167,6
338171,4
338183,12
338197,14
338203,6
338207,4
338213,6
338231,18
338237,6
338251,14
338263,12
338267,4
338269,2
338279,10
338287,8
338293,6
338297,4
338309,12
338321,12
338323,2
338339,16
338341,2
338347,6
338369,22
338383,14
338389,6
338407,18
338411,4
338413,2
338423,10
338431,8
338449,18
338461,12
338473,12
338477,4
338497,20
338531,34
338543,12
338563,20
338567,4
338573,6
338579,6
338581,2
338609,28
338659,50
338669,10
338683,14
338687,4
338707,20
338717,10
338731,14
338747,16
338753,6
338761,8
338773,12
338777,4
338791,14
338803,12
338839,36
338851,12
338857,6
338867,10
338893,26
338909,16
338927,18
338959,32
338993,34
338999,6
339023,24
339049,26
339067,18
339071,4
339091,20
339103,12
339107,4
339121,14
339127,6
339137,10
339139,2
339151,12
339161,10
339173,12
339187,14
339211,24
339223,12
339239,16
339247,8
339257,10
339263,6
339289,26
339307,18
339323,16
339331,8
339341,10
339373,32
339389,16
339413,24
339433,20
339467,34
339491,24
339517,26
339527,10
339539,12
339557,18
339583,26
339589,6
339601,12
339613,12
339617,4
339631,14
339637,6
339649,12
339653,4
339659,6
339671,12
339673,2
339679,6
339707,28
339727,20
339749,22
339751,2
339761,10
339769,8
339799,30
339811,12
339817,6
339821,4
339827,6
339839,12
339841,2
339863,22
339887,24
339907,20
339943,36
339959,16
339991,32
340007,16
340027,20
340031,4
340037,6
340049,12
340057,8
340061,4
340063,2
340073,10
340079,6
340103,24
340111,8
340117,6
340121,4
340127,6
340129,2
340169,40
340183,14
340201,18
340211,10
340237,26
340261,24
340267,6
340283,16
340297,14
340321,24
340337,16
340339,2
340369,30
340381,12
340387,6
340393,6
340397,4
340409,12
340429,20
340447,18
340451,4
340453,2
340477,24
340481,4
340519,38
340541,22
340559,18
340573,14
340577,4
340579,2
340583,4
340591,8
340601,10
340619,18
340633,14
340643,10
340649,6
340657,8
340661,4
340687,26
340693,6
340709,16
340723,14
340757,34
340777,20
340787,10
340789,2
340793,4
340801,8
340811,10
340819,8
340849,30
340859,10
340877,18
340889,12
340897,8
340903,6
340909,6
340913,4
340919,6
340927,8
340931,4
340933,2
340937,4
340939,2
340957,18
340979,22
340999,20
341017,18
341027,10
341041,14
341057,16
341059,2
341063,4
341083,20
341087,4
341123,36
341141,18
341171,30
341179,8
341191,12
341203,12
341219,16
341227,8
341233,6
341269,36
341273,4
341281,8
341287,6
341293,6
341303,10
341311,8
341321,10
341323,2
341333,10
341339,6
341347,8
341357,10
341423,66
341443,20
341447,4
341459,12
341461,2
341477,16
341491,14
341501,10
341507,6
341521,14
341543,22
341557,14
341569,12
341587,18
341597,10
341603,6
341617,14
341623,6
341629,6
341641,12
341647,6
341659,12
341681,22
341687,6
341701,14
341729,28
341743,14
341749,6
341771,22
341773,2
341777,4
341813,36
341821,8
341827,6
341839,12
341851,12
341863,12
341879,16
341911,32
341927,16
341947,20
341951,4
341953,2
341959,6
341963,4
341983,20
341993,10
342037,44
342047,10
342049,2
342059,10
342061,2
342071,10
342073,2
342077,4
342101,24
342107,6
342131,24
342143,12
342179,36
342187,8
342191,4
342197,6
342203,6
342211,8
342233,22
342239,6
342241,2
342257,16
342281,24
342283,2
342299,16
342319,20
342337,18
342341,4
342343,2
342347,4
342359,12
342371,12
342373,2
342379,6
342389,10
342413,24
342421,8
342449,28
342451,2
342467,16
342469,2
342481,12
342497,16
342521,24
342527,6
342547,20
342553,6
342569,16
342593,24
342599,6
342607,8
342647,40
342653,6
342659,6
342673,14
342679,6
342691,12
342697,6
342733,36
342757,24
342761,4
342791,30
342799,8
342803,4
342821,18
342833,12
342841,8
342847,6
342863,16
342869,6
342871,2
342889,18
342899,10
342929,30
342949,20
342971,22
342989,18
343019,30
343037,18
343051,14
343061,10
343073,12
343081,8
343087,6
343127,40
343141,14
343153,12
343163,10
343169,6
343177,8
343193,16
343199,6
343219,20
343237,18
343243,6
343253,10
343261,8
343267,6
343289,22
343303,14
343307,4
343309,2
343313,4
343327,14
343333,6
343337,4
343373,36
343379,6
343381,2
343391,10
343393,2
343411,18
343423,12
343433,10
343481,48
343489,8
343517,28
343529,12
343531,2
343543,12
343547,4
343559,12
343561,2
343579,18
343583,4
343589,6
343591,2
343601,10
343627,26
343631,4
343639,8
343649,10
343661,12
343667,6
343687,20
343709,22
343727,18
343769,42
343771,2
343787,16
343799,12
343801,2
343813,12
343817,4
343823,6
343829,6
343831,2
343891,60
343897,6
343901,4
343913,12
343933,20
343939,6
343943,4
343951,8
343963,12
343997,34
344017,20
344021,4
344039,18
344053,14
344083,30
344111,28
344117,6
344153,36
344161,8
344167,6
344171,4
344173,2
344177,4
344189,12
344207,18
344209,2
344213,4
344221,8
344231,10
344237,6
344243,6
344249,6
344251,2
344257,6
344263,6
344269,6
344273,4
344291,18
344293,2
344321,28
344327,6
344347,20
344353,6
344363,10
344371,8
344417,46
344423,6
344429,6
344453,24
344479,26
344483,4
344497,14
344543,46
344567,24
344587,20
344599,12
344611,12
344621,10
344629,8
344639,10
344653,14
344671,18
344681,10
344683,2
344693,10
344719,26
344749,30
344753,4
344759,6
344791,32
344797,6
344801,4
344807,6
344819,12
344821,2
344843,22
344857,14
344863,6
344873,10
344887,14
344893,6
344909,16
344917,8
344921,4
344941,20
344957,16
344959,2
344963,4
344969,6
344987,18
345001,14
345011,10
345017,6
345019,2
345041,22
345047,6
345067,20
345089,22
345109,20
345133,24
345139,6
345143,4
345181,38
345193,12
345221,28
345227,6
345229,2
345259,30
345263,4
345271,8
345307,36
345311,4
345329,18
345379,50
345413,34
345431,18
345451,20
345461,10
345463,2
345473,10
345479,6
345487,8
345511,24
345517,6
345533,16
345547,14
345551,4
345571,20
345577,6
345581,4
345599,18
345601,2
345607,6
345637,30
345643,6
345647,4
345659,12
345673,14
345679,6
345689,10
345701,12
345707,6
345727,20
345731,4
345733,2
345739,6
345749,10
345757,8
345769,12
345773,4
345791,18
345803,12
345811,8
345817,6
345823,6
345853,30
345869,16
345881,12
345887,6
345889,2
345907,18
345923,16
345937,14
345953,16
345979,26
345997,18
346013,16
346039,26
346043,4
346051,8
346079,28
346091,12
346097,6
346111,14
346117,6
346133,16
346139,6
346141,2
346147,6
346169,22
346187,18
346201,14
346207,6
346217,10
346223,6
346259,36
346261,2
346277,16
346303,26
346309,6
346321,12
346331,10
346337,6
346349,12
346361,12
346369,8
346373,4
346391,18
346393,2
346397,4
346399,2
346417,18
346421,4
346429,8
346433,4
346439,6
346441,2
346447,6
346453,6
346469,16
346501,32
346529,28
346543,14
346547,4
346553,6
346559,6
346561,2
346589,28
346601,12
346607,6
346627,20
346639,12
346649,10
346651,2
346657,6
346667,10
346669,2
346699,30
346711,12
346721,10
346739,18
346751,12
346763,12
346793,30
346831,38
346849,18
346867,18
346873,6
346877,4
346891,14
346903,12
346933,30
346939,6
346943,4
346961,18
346963,2
347003,40
347033,30
347041,8
347051,10
347057,6
347059,2
347063,4
347069,6
347071,2
347099,28
347129,30
347131,2
347141,10
347143,2
347161,18
347167,6
347173,6
347177,4
347183,6
347197,14
347201,4
347209,8
347227,18
347233,6
347239,6
347251,12
347257,6
347287,30
347297,10
347299,2
347317,18
347329,12
347341,12
347359,18
347401,42
347411,10
347437,26
347443,6
347489,46
347509,20
347513,4
347519,6
347533,14
347539,6
347561,22
347563,2
347579,16
347587,8
347591,4
347609,18
347621,12
347629,8
347651,22
347671,20
347707,36
347717,10
347729,12
347731,2
347747,16
347759,12
347771,12
347773,2
347779,6
347801,22
347813,12
347821,8
347849,28
347873,24
347887,14
347891,4
347899,8
347929,30
347933,4
347951,18
347957,6
347959,2
347969,10
347981,12
347983,2
347987,4
347989,2
347993,4
348001,8
348011,10
348017,6
348031,14
348043,12
348053,10
348077,24
348083,6
348097,14
348149,52
348163,14
348181,18
348191,10
348209,18
348217,8
348221,4
348239,18
348241,2
348247,6
348253,6
348259,6
348269,10
348287,18
348307,20
348323,16
348353,30
348367,14
348389,22
348401,12
348407,6
348419,12
348421,2
348431,10
348433,2
348437,4
348443,6
348451,8
348457,6
348461,4
348463,2
348487,24
348527,40
348547,20
348553,6
348559,6
348563,4
348571,8
348583,12
348587,4
348617,30
348629,12
348637,8
348643,6
348661,18
348671,10
348709,38
348731,22
348739,8
348757,18
348763,6
348769,6
348779,10
348811,32
348827,16
348833,6
348839,6
348851,12
348883,32
348889,6
348911,22
348917,6
348919,2
348923,4
348937,14
348949,12
348989,40
348991,2
349007,16
349039,32
349043,4
349051,8
349079,28
349081,2
349093,12
349099,6
349109,10
349121,12
349133,12
349171,38
349177,6
349183,6
349187,4
349199,12
349207,8
349211,4
349241,30
349291,50
349303,12
349313,10
349331,18
349337,6
349343,6
349357,14
349369,12
349373,4
349379,6
349381,2
349387,6
349397,10
349399,2
349403,4
349409,6
349411,2
349423,12
349471,48
349477,6
349483,6
349493,10
349499,6
349507,8
349519,12
349529,10
349553,24
349567,14
349579,12
349589,10
349603,14
349637,34
349663,26
349667,4
349697,30
349709,12
349717,8
349729,12
349753,24
349759,6
349787,28
349793,6
349801,8
349813,12
349819,6
349829,10
349831,2
349837,6
349841,4
349849,8
349871,22
349903,32
349907,4
349913,6
349919,6
349927,8
349931,4
349933,2
349939,6
349949,10
349963,14
349967,4
349981,14
