550007,28
550009,2
550027,18
550049,22
550061,12
550063,2
550073,10
550111,38
550117,6
550127,10
550129,2
550139,10
550163,24
550169,6
550177,8
550181,4
550189,8
550211,22
550213,2
550241,28
550267,26
550279,12
550283,4
550289,6
550309,20
550337,28
550351,14
550369,18
550379,10
550427,48
550439,12
550441,2
550447,6
550457,10
550469,12
550471,2
550489,18
550513,24
550519,6
550531,12
550541,10
550553,12
550577,24
550607,30
550609,2
550621,12
550631,10
550637,6
550651,14
550657,6
550661,4
550663,2
550679,16
550691,12
550703,12
550717,14
550721,4
550733,12
550757,24
550763,6
550789,26
550801,12
550811,10
550813,2
550831,18
550841,10
550843,2
550859,16
550861,2
550903,42
550909,6
550937,28
550939,2
550951,12
550961,10
550969,8
550973,4
550993,20
550997,4
551003,6
551017,14
551027,10
551039,12
551059,20
551063,4
551069,6
551093,24
551099,6
551107,8
551113,6
551129,16
551143,14
551179,36
551197,18
551207,10
551219,12
551231,12
551233,2
551269,36
551281,12
551297,16
551311,14
551321,10
551339,18
551347,8
551363,16
551381,18
551387,6
551407,20
551423,16
551443,20
551461,18
551483,22
551489,6
551503,14
551519,16
551539,20
551543,4
551549,6
551557,8
551569,12
551581,12
551587,6
551597,10
551651,54
551653,2
551659,6
551671,12
551689,18
551693,4
551713,20
551717,4
551723,6
551729,6
551731,2
551743,12
551753,10
551767,14
551773,6
551801,28
551809,8
551813,4
551843,30
551849,6
551861,12
551909,48
551911,2
551917,6
551927,10
551933,6
551951,18
551959,8
551963,4
551981,18
552001,20
552011,10
552029,18
552031,2
552047,16
552053,6
552059,6
552089,30
552091,2
552103,12
552107,4
552113,6
552127,14
552137,10
552179,42
552193,14
552217,24
552239,22
552241,2
552259,18
552263,4
552271,8
552283,12
552301,18
552317,16
552341,24
552353,12
552379,26
552397,18
552401,4
552403,2
552469,66
552473,4
552481,8
552491,10
552493,2
552511,18
552523,12
552527,4
552553,26
552581,28
552583,2
552589,6
552611,22
552649,38
552659,10
552677,18
552703,26
552707,4
552709,2
552731,22
552749,18
552751,2
552757,6
552787,30
552791,4
552793,2
552809,16
552821,12
552833,12
552841,8
552847,6
552859,12
552883,24
552887,4
552899,12
552913,14
552917,4
552971,54
552983,12
552991,8
553013,22
553037,24
553043,6
553051,8
553057,6
553067,10
553073,6
553093,20
553097,4
553099,2
553103,4
553123,20
553139,16
553141,2
553153,12
553171,18
553181,10
553193,12
553207,14
553211,4
553229,18
553249,20
553253,4
553277,24
553279,2
553309,30
553351,42
553363,12
553369,6
553411,42
553417,6
553433,16
553439,6
553447,8
553457,10
553463,6
553471,8
553481,10
553507,26
553513,6
553517,4
553529,12
553543,14
553549,6
553561,12
553573,12
553583,10
553589,6
553591,2
553601,10
553607,6
553627,20
553643,16
553649,6
553667,18
553681,14
553687,6
553699,12
553703,4
553727,24
553733,6
553747,14
553757,10
553759,2
553769,10
553789,20
553811,22
553837,26
553849,12
553867,18
553873,6
553897,24
553901,4
553919,18
553921,2
553933,12
553961,28
553963,2
553981,18
553991,10
554003,12
554011,8
554017,6
554051,34
554077,26
554087,10
554089,2
554117,28
554123,6
554129,6
554137,8
554167,30
554171,4
554179,8
554189,10
554207,18
554209,2
554233,24
554237,4
554263,26
554269,6
554293,24
554299,6
554303,4
554317,14
554347,30
554377,30
554383,6
554417,34
554419,2
554431,12
554447,16
554453,6
554467,14
554503,36
554527,24
554531,4
554569,38
554573,4
554597,24
554611,14
554627,16
554633,6
554639,6
554641,2
554663,22
554669,6
554677,8
554699,22
554707,8
554711,4
554731,20
554747,16
554753,6
554759,6
554767,8
554779,12
554789,10
554791,2
554797,6
554803,6
554821,18
554833,12
554837,4
554839,2
554843,4
554849,6
554887,38
554891,4
554893,2
554899,6
554923,24
554927,4
554951,24
554959,8
554969,10
554977,8
555029,52
555041,12
555043,2
555053,10
555073,20
555077,4
555083,6
555091,8
555097,6
555109,12
555119,10
555143,24
555167,24
555209,42
555221,12
555251,30
555253,2
555257,4
555277,20
555287,10
555293,6
555301,8
555307,6
555337,30
555349,12
555361,12
555383,22
555391,8
555419,28
555421,2
555439,18
555461,22
555487,26
555491,4
555521,30
555523,2
555557,34
555589,32
555593,4
555637,44
555661,24
555671,10
555677,6
555683,6
555691,8
555697,6
555707,10
555739,32
555743,4
555761,18
555767,6
555823,56
555827,4
555829,2
555853,24
555857,4
555871,14
555931,60
555941,10
555953,12
555967,14
556007,40
556021,14
556027,6
556037,10
556043,6
556051,8
556067,16
556069,2
556093,24
556103,10
556123,20
556159,36
556177,18
556181,4
556211,30
556219,8
556229,10
556243,14
556253,10
556261,8
556267,6
556271,4
556273,2
556279,6
556289,10
556313,24
556321,8
556327,6
556331,4
556343,12
556351,8
556373,22
556399,26
556403,4
556441,38
556459,18
556477,18
556483,6
556487,4
556513,26
556519,6
556537,18
556559,22
556573,14
556579,6
556583,4
556601,18
556607,6
556609,2
556613,4
556627,14
556639,12
556651,12
556679,28
556687,8
556691,4
556693,2
556697,4
556709,12
556723,14
556727,4
556741,14
556753,12
556763,10
556769,6
556781,12
556789,8
556793,4
556799,6
556811,12
556817,6
556819,2
556823,4
556841,18
556849,8
556859,10
556861,2
556867,6
556883,16
556891,8
556931,40
556939,8
556943,4
556957,14
556967,10
556981,14
556987,6
556999,12
557017,18
557021,4
557027,6
557033,6
557041,8
557057,16
557059,2
557069,10
557087,18
557093,6
557153,60
557159,6
557197,38
557201,4
557261,60
557269,8
557273,4
557281,8
557303,22
557309,6
557321,12
557329,8
557339,10
557369,30
557371,2
557377,6
557423,46
557443,20
557449,6
557461,12
557483,22
557489,6
557519,30
557521,2
557533,12
557537,4
557551,14
557567,16
557573,6
557591,18
557611,20
557633,22
557639,6
557663,24
557671,8
557693,22
557717,24
557729,12
557731,2
557741,10
557743,2
557747,4
557759,12
557761,2
557779,18
557789,10
557801,12
557803,2
557831,28
557857,26
557861,4
557863,2
557891,28
557899,8
557903,4
557927,24
557981,54
557987,6
558007,20
558017,10
558029,12
558053,24
558067,14
558083,16
558091,8
558109,18
558113,4
558121,8
558139,18
558149,10
558167,18
558179,12
558197,18
558203,6
558209,6
558223,14
558241,18
558251,10
558253,2
558287,34
558289,2
558307,18
558319,12
558343,24
558401,58
558413,12
558421,8
558427,6
558431,4
558457,26
558469,12
558473,4
558479,6
558491,12
558497,6
558499,2
558521,22
558529,8
558533,4
558539,6
558541,2
558563,22
558583,20
558587,4
558599,12
558611,12
558629,18
558643,14
558661,18
558683,22
558703,20
558721,18
558731,10
558757,26
558769,12
558781,12
558787,6
558791,4
558793,2
558827,34
558829,2
558863,34
558869,6
558881,12
558893,12
558913,20
558931,18
558937,6
558947,10
558973,26
558979,6
558997,18
559001,4
559049,48
559051,2
559067,16
559081,14
559093,12
559099,6
559123,24
559133,10
559157,24
559177,20
559183,6
559201,18
559211,10
559213,2
559217,4
559219,2
559231,12
559243,12
559259,16
559277,18
559297,20
559313,16
559319,6
559343,24
559357,14
559367,10
559369,2
559397,28
559421,24
559451,30
559459,8
559469,10
559483,14
559511,28
559513,2
559523,10
559529,6
559541,12
559547,6
559549,2
559561,12
559571,10
559577,6
559583,6
559591,8
559597,6
559631,34
559633,2
559639,6
559649,10
559667,18
559673,6
559679,6
559687,8
559703,16
559709,6
559739,30
559747,8
559777,30
559781,4
559799,18
559807,8
559813,6
559831,18
559841,10
559849,8
559859,10
559877,18
559883,6
559901,18
559907,6
559913,6
559939,26
559967,28
559973,6
559991,18
560017,26
560023,6
560029,6
560039,10
560047,8
560081,34
560083,2
560089,6
560093,4
560107,14
560113,6
560117,4
560123,6
560137,14
560149,12
560159,10
560171,12
560173,2
560179,6
560191,12
560207,16
560213,6
560221,8
560227,6
560233,6
560237,4
560239,2
560243,4
560249,6
560281,32
560293,12
560297,4
560299,2
560311,12
560317,6
560341,24
560353,12
560393,40
560411,18
560437,26
560447,10
560459,12
560471,12
560477,6
560479,2
560489,10
560491,2
560501,10
560503,2
560531,28
560543,12
560551,8
560561,10
560597,36
560617,20
560621,4
560639,18
560641,2
560653,12
560669,16
560683,14
560689,6
560701,12
560719,18
560737,18
560753,16
560761,8
560767,6
560771,4
560783,12
560797,14
560803,6
560827,24
560837,10
560863,26
560869,6
560873,4
560887,14
560891,4
560893,2
560897,4
560929,32
560939,10
560941,2
560969,28
560977,8
561019,42
561047,28
561053,6
561059,6
561061,2
561079,18
561083,4
561091,8
561097,6
561101,4
561103,2
561109,6
561161,52
561173,12
561181,8
561191,10
561199,8
561229,30
561251,22
561277,26
561307,30
561313,6
561343,30
561347,4
561359,12
561367,8
561373,6
561377,4
561389,12
561409,20
561419,10
561439,20
561461,22
561521,60
561529,8
561551,22
561553,2
561559,6
561599,40
561607,8
561667,60
561703,36
561713,10
561733,20
561761,28
561767,6
561787,20
561797,10
561809,12
561829,20
561839,10
561907,68
561917,10
561923,6
561931,8
561943,12
561947,4
561961,14
561973,12
561983,10
561997,14
562007,10
562019,12
562021,2
562043,22
562091,48
562103,12
562129,26
562147,18
562169,22
562181,12
562193,12
562201,8
562231,30
562259,28
562271,12
562273,2
562283,10
562291,8
562297,6
562301,4
562307,6
562313,6
562333,20
562337,4
562349,12
562351,2
562357,6
562361,4
562399,38
562403,4
562409,6
562417,8
562421,4
562427,6
562439,12
562459,20
562477,18
562493,16
562501,8
562517,16
562519,2
562537,18
562577,40
562579,2
562589,10
562591,2
562607,16
562613,6
562621,8
562631,10
562633,2
562651,18
562663,12
562669,6
562673,4
562691,18
562693,2
562699,6
562703,4
562711,8
562721,10
562739,18
562753,14
562759,6
562763,4
562781,18
562789,8
562813,24
562831,18
562841,10
562871,30
562897,26
562901,4
562909,8
562931,22
562943,12
562949,6
562963,14
562967,4
562973,6
562979,6
562987,8
562997,10
563009,12
563011,2
563021,10
563039,18
563041,2
563047,6
563051,4
563077,26
563081,4
563099,18
563113,14
563117,4
563119,2
563131,12
563149,18
563153,4
563183,30
563197,14
563219,22
563249,30
563263,14
563287,24
563327,40
563351,24
563357,6
563359,2
563377,18
563401,24
563411,10
563413,2
563417,4
563419,2
563447,28
563449,2
563467,18
563489,22
563501,12
563503,2
563543,40
563551,8
563561,10
563587,26
563593,6
563599,6
563623,24
563657,34
563663,6
563723,60
563743,20
563747,4
563777,30
563809,32
563813,4
563821,8
563831,10
563837,6
563851,14
563869,18
563881,12
563887,6
563897,10
563929,32
563933,4
563947,14
563971,24
563987,16
563999,12
564013,14
564017,4
564041,24
564049,8
564059,10
564061,2
564089,28
564097,8
564103,6
564127,24
564133,6
564149,16
564163,14
564173,10
564191,18
564197,6
564227,30
564229,2
564233,4
564251,18
564257,6
564269,12
564271,2
564299,28
564301,2
564307,6
564313,6
564323,10
564353,30
564359,6
564367,8
564371,4
564373,2
564391,18
564401,10
564407,6
564409,2
564419,10
564437,18
564449,12
564457,8
564463,6
564467,4
564491,24
564497,6
564523,26
564533,10
564593,60
564607,14
564617,10
564643,26
564653,10
564667,14
564671,4
564679,8
564701,22
564703,2
564709,6
564713,4
564761,48
564779,18
564793,14
564797,4
564827,30
564871,44
564881,10
564899,18
564917,18
564919,2
564923,4
564937,14
564959,22
564973,14
564979,6
564983,4
564989,6
564997,8
565013,16
565039,26
565049,10
565057,8
565069,12
565109,40
565111,2
565127,16
565163,36
565171,8
565177,6
565183,6
565189,6
565207,18
565237,30
565241,4
565247,6
565259,12
565261,2
565273,12
565283,10
565289,6
565303,14
565319,16
565333,14
565337,4
565343,6
565361,18
565379,18
565381,2
565387,6
565391,4
565393,2
565427,34
565429,2
565441,12
565451,10
565463,12
565469,6
565483,14
565489,6
565507,18
565511,4
565517,6
565519,2
565549,30
565553,4
565559,6
565567,8
565571,4
565583,12
565589,6
565597,8
565603,6
565613,10
565637,24
565651,14
565661,10
565667,6
565723,56
565727,4
565769,42
565771,2
565787,16
565793,6
565813,20
565849,36
565867,18
565889,22
565891,2
565907,16
565909,2
565919,10
565921,2
565937,16
565973,36
565979,6
565997,18
566011,14
566023,12
566047,24
566057,10
566077,20
566089,12
566101,12
566107,6
566131,24
566149,18
566161,12
566173,12
566179,6
566183,4
566201,18
566213,12
566227,14
566231,4
566233,2
566273,40
566311,38
566323,12
566347,24
566387,40
566393,6
566413,20
566417,4
566429,12
566431,2
566437,6
566441,4
566443,2
566453,10
566521,68
566537,16
566539,2
566543,4
566549,6
566551,2
566557,6
566563,6
566567,4
566617,50
566633,16
566639,6
566653,14
566659,6
566677,18
566681,4
566693,12
566701,8
566707,6
566717,10
566719,2
566723,4
566737,14
566759,22
566767,8
566791,24
566821,30
566833,12
566851,18
566857,6
566879,22
566911,32
566939,28
566947,8
566963,16
566971,8
566977,6
566987,10
566999,12
567011,12
567013,2
567031,18
567053,22
567059,6
567067,8
567097,30
567101,4
567107,6
567121,14
567143,22
567179,36
567181,2
567187,6
567209,22
567257,48
567263,6
567277,14
567319,42
567323,4
567367,44
567377,10
567383,6
567389,6
567401,12
567407,6
567439,32
567449,10
567451,2
567467,16
567487,20
567493,6
567499,6
567527,28
567529,2
567533,4
567569,36
567601,32
567607,6
567631,24
567649,18
567653,4
567659,6
567661,2
567667,6
567673,6
567689,16
567719,30
567737,18
567751,14
567761,10
567767,6
567779,12
567793,14
567811,18
567829,18
567841,12
567857,16
567863,6
567871,8
567877,6
567881,4
567883,2
567899,16
567937,38
567943,6
567947,4
567949,2
567961,12
567979,18
567991,12
567997,6
568019,22
568027,8
568033,6
568049,16
568069,20
568091,22
568097,6
568109,12
568133,24
568151,18
568153,2
568163,10
568171,8
568177,6
568187,10
568189,2
568193,4
568201,8
568207,6
568231,24
568237,6
568241,4
568273,32
568279,6
568289,10
568303,14
568349,46
568363,14
568367,4
568387,20
568391,4
568433,42
568439,6
568441,2
568453,12
568471,18
568481,10
568493,12
568523,30
568541,18
568549,8
568577,28
568609,32
568619,10
568627,8
568643,16
568657,14
568669,12
568679,10
568691,12
568699,8
568709,10
568723,14
568751,28
568783,32
568787,4
568807,20
568823,16
568831,8
568853,22
568877,24
568891,14
568903,12
568907,4
568913,6
568921,8
568963,42
568979,16
568987,8
568991,4
568999,8
569003,4
569011,8
569021,10
569047,26
569053,6
569057,4
569071,14
569077,6
569081,4
569083,2
569111,28
569117,6
569137,20
569141,4
569159,18
569161,2
569189,28
569197,8
569201,4
569209,8
569213,4
569237,24
569243,6
569249,6
569251,2
569263,12
569267,4
569269,2
569321,52
569323,2
569369,46
569417,48
569419,2
569423,4
569431,8
569447,16
569461,14
569479,18
569497,18
569507,10
569533,26
569573,40
569579,6
569581,2
569599,18
569603,4
569609,6
569617,8
569623,6
569659,36
569663,4
569671,8
569683,12
569711,28
569713,2
569717,4
569729,12
569731,2
569747,16
569759,12
569771,12
569773,2
569797,24
569809,12
569813,4
569819,6
569831,12
569839,8
569843,4
569851,8
569861,10
569869,8
569887,18
569893,6
569897,4
569903,6
569927,24
569939,12
569957,18
569983,26
570001,18
570013,12
570029,16
570041,12
570043,2
570047,4
570049,2
570071,22
570077,6
570079,2
570083,4
570091,8
570107,16
570109,2
570113,4
570131,18
570139,8
570161,22
570173,12
570181,8
570191,10
570217,26
570221,4
570233,12
570253,20
570329,76
570359,30
570373,14
570379,6
570389,10
570391,2
570403,12
570407,4
570413,6
570419,6
570421,2
570461,40
570463,2
570467,4
570487,20
570491,4
570497,6
570499,2
570509,10
570511,2
570527,16
570529,2
570539,10
570547,8
570553,6
570569,16
570587,18
570601,14
570613,12
570637,24
570643,6
570649,6
570659,10
570667,8
570671,4
570677,6
570683,6
570697,14
570719,22
570733,14
570737,4
570743,6
570781,38
570821,40
570827,6
570839,12
570841,2
570851,10
570853,2
570859,6
570881,22
570887,6
570901,14
570919,18
570937,18
570949,12
570959,10
570961,2
570967,6
570991,24
571001,10
571019,18
571031,12
571037,6
571049,12
571069,20
571093,24
571099,6
571111,12
571133,22
571147,14
571157,10
571163,6
571199,36
571201,2
571211,10
571223,12
571229,6
571231,2
571261,30
571267,6
571279,12
571303,24
571321,18
571331,10
571339,8
571369,30
571381,12
571397,16
571399,2
571409,10
571433,24
571453,20
571471,18
571477,6
571531,54
571541,10
571579,38
571583,4
571589,6
571601,12
571603,2
571633,30
571657,24
571673,16
571679,6
571699,20
571709,10
571717,8
571721,4
571741,20
571751,10
571759,8
571777,18
571783,6
571789,6
571799,10
571801,2
571811,10
571841,30
571847,6
571853,6
571861,8
571867,6
571871,4
571873,2
571877,4
571903,26
571933,30
571939,6
571969,30
571973,4
572023,50
572027,4
572041,14
572051,10
572053,2
572059,6
572063,4
572069,6
572087,18
572093,6
572107,14
572137,30
572161,24
572177,16
572179,2
572183,4
572207,24
572233,26
572239,6
572251,12
572269,18
572281,12
572303,22
572311,8
572321,10
572323,2
572329,6
572333,4
572357,24
572387,30
572399,12
572417,18
572419,2
572423,4
572437,14
572449,12
572461,12
572471,10
572479,8
572491,12
572497,6
572519,22
572521,2
572549,28
572567,18
572573,6
572581,8
572587,6
572597,10
572599,2
572609,10
572629,20
572633,4
572639,6
572651,12
572653,2
572657,4
572659,2
572683,24
572687,4
572699,12
572707,8
572711,4
572749,38
572777,28
572791,14
572801,10
572807,6
572813,6
572821,8
572827,6
572833,6
572843,10
572867,24
572879,12
572881,2
572903,22
572909,6
572927,18
572933,6
572939,6
572941,2
572963,22
572969,6
572993,24
573007,14
573031,24
573047,16
573101,54
573107,6
573109,2
573119,10
573143,24
573161,18
573163,2
573179,16
573197,18
573247,50
573253,6
573263,10
573277,14
573289,12
573299,10
573317,18
573329,12
573341,12
573343,2
573371,28
573379,8
573383,4
573409,26
573437,28
573451,14
573457,6
573473,16
573479,6
573481,2
573487,6
573493,6
573497,4
573509,12
573511,2
573523,12
573527,4
573557,30
573569,12
573571,2
573637,66
573647,10
573673,26
573679,6
573691,12
573719,28
573737,18
573739,2
573757,18
573761,4
573763,2
573787,24
573791,4
573809,18
573817,8
573829,12
573847,18
573851,4
573863,12
573871,8
573883,12
573887,4
573899,12
573901,2
573929,28
573941,12
573953,12
573967,14
573973,6
573977,4
574003,26
574031,28
574033,2
574051,18
574061,10
574081,20
574099,18
574109,10
574127,18
574157,30
574159,2
574163,4
574169,6
574181,12
574183,2
574201,18
574219,18
574261,42
574279,18
574283,4
574289,6
574297,8
574307,10
574309,2
574363,54
574367,4
574373,6
574393,20
574423,30
574429,6
574433,4
574439,6
574477,38
574489,12
574493,4
574501,8
574507,6
574529,22
574543,14
574547,4
574597,50
574619,22
574621,2
574627,6
574631,4
574643,12
574657,14
574667,10
574687,20
574699,12
574703,4
574711,8
574723,12
574727,4
574733,6
574741,8
574789,48
574799,10
574801,2
574813,12
574817,4
574859,42
574907,48
574913,6
574933,20
574939,6
574949,10
574963,14
574967,4
574969,2
575009,40
575027,18
575033,6
575053,20
575063,10
575077,14
575087,10
575119,32
575123,4
575129,6
575131,2
575137,6
575153,16
575173,20
575177,4
575203,26
575213,10
575219,6
575231,12
575243,12
575249,6
575251,2
575257,6
575261,4
575303,42
575317,14
575359,42
575369,10
575371,2
575401,30
575417,16
575429,12
575431,2
575441,10
575473,32
575479,6
575489,10
575503,14
575513,10
575551,38
575557,6
575573,16
575579,6
575581,2
575591,10
575593,2
575611,18
575623,12
575647,24
575651,4
575669,18
575677,8
575689,12
575693,4
575699,6
575711,12
575717,6
575723,6
575747,24
575753,6
575777,24
575791,14
575821,30
575837,16
575849,12
575857,8
575863,6
575867,4
575893,26
575903,10
575921,18
575923,2
575941,18
575957,16
575959,2
575963,4
575987,24
576001,14
576013,12
576019,6
576029,10
576031,2
576041,10
576049,8
576089,40
576101,12
576119,18
576131,12
576151,20
576161,10
576167,6
576179,12
576193,14
576203,10
576211,8
576217,6
576221,4
576223,2
576227,4
576287,60
576293,6
576299,6
576313,14
576319,6
576341,22
576377,36
576379,2
576391,12
576421,30
576427,6
576431,4
576439,8
576461,22
576469,8
576473,4
576493,20
576509,16
576523,14
576529,6
576533,4
576539,6
576551,12
576553,2
576577,24
576581,4
576613,32
576617,4
576637,20
576647,10
576649,2
576659,10
576671,12
576677,6
576683,6
576689,6
576701,12
576703,2
576721,18
576727,6
576731,4
576739,8
576743,4
576749,6
576757,8
576769,12
576787,18
576791,4
576881,90
576883,2
576889,6
576899,10
576943,44
576949,6
576967,18
576977,10
577007,30
577009,2
577033,24
577043,10
577063,20
577067,4
577069,2
577081,12
577097,16
577111,14
577123,12
577147,24
577151,4
577153,2
577169,16
577177,8
577193,16
577219,26
577249,30
577259,10
577271,12
577279,8
577307,28
577327,20
577331,4
577333,2
577349,16
577351,2
577363,12
577387,24
577397,10
577399,2
577427,28
577453,26
577457,4
577463,6
577471,8
577483,12
577513,30
577517,4
577523,6
577529,6
577531,2
577537,6
577547,10
577559,12
577573,14
577589,16
577601,12
577613,12
577627,14
577637,10
577639,2
577667,28
577721,54
577739,18
577751,12
577757,6
577781,24
577799,18
577807,8
577817,10
577831,14
577849,18
577867,18
577873,6
577879,6
577897,18
577901,4
577909,8
577919,10
577931,12
577937,6
577939,2
577957,18
577979,22
577981,2
578021,40
578029,8
578041,12
578047,6
578063,16
578077,14
578093,16
578117,24
578131,14
578167,36
578183,16
578191,8
578203,12
578209,6
578213,4
578251,38
578267,16
578297,30
578299,2
578309,10
578311,2
578317,6
578327,10
578353,26
578363,10
578371,8
578399,28
578401,2
578407,6
578419,12
578441,22
578453,12
578467,14
578477,10
578483,6
578489,6
578497,8
578503,6
578509,6
578533,24
578537,4
578563,26
578573,10
578581,8
578587,6
578597,10
578603,6
578609,6
578621,12
578647,26
578659,12
578687,28
578689,2
578693,4
578701,8
578719,18
578729,10
578741,12
578777,36
578779,2
578789,10
578803,14
578819,16
578821,2
578827,6
578839,12
578843,4
578857,14
578861,4
578881,20
578917,36
578923,6
578957,34
578959,2
578971,12
578999,28
579011,12
579017,6
579023,6
579053,30
579079,26
579083,4
579107,24
579113,6
579119,6
579133,14
579179,46
579197,18
579199,2
579239,40
579251,12
579259,8
579263,4
579277,14
579281,4
579283,2
579287,4
579311,24
579331,20
579353,22
579379,26
579407,28
579409,2
579427,18
579433,6
579451,18
579473,22
579497,24
579499,2
579503,4
579517,14
579521,4
579529,8
579533,4
579539,6
579541,2
579563,22
579569,6
579571,2
579583,12
579587,4
579611,24
579613,2
579629,16
579637,8
579641,4
579643,2
579653,10
579673,20
579701,28
579707,6
579713,6
579721,8
579737,16
579757,20
579763,6
579773,10
579779,6
579809,30
579829,20
579851,22
579869,18
579877,8
579881,4
579883,2
579893,10
579907,14
579947,40
579949,2
579961,12
579967,6
579973,6
579983,10
580001,18
580031,30
580033,2
580079,46
580081,2
580093,12
580133,40
580163,30
580169,6
580183,14
580187,4
580201,14
580213,12
580219,6
580231,12
580259,28
580291,32
580301,10
580303,2
580331,28
580339,8
580343,4
580357,14
580361,4
580373,12
580379,6
580381,2
580409,28
580417,8
580471,54
580477,6
580487,10
580513,26
580529,16
580549,20
580553,4
580561,8
580577,16
580607,30
580627,20
580631,4
580633,2
580639,6
580663,24
580673,10
580687,14
580691,4
580693,2
580711,18
580717,6
580733,16
580747,14
580757,10
580759,2
580763,4
580787,24
580793,6
580807,14
580813,6
580837,24
580843,6
580859,16
580871,12
580889,18
580891,2
580901,10
580913,12
580919,6
580927,8
580939,12
580969,30
580981,12
580997,16
581029,32
581041,12
581047,6
581069,22
581071,2
581089,18
581099,10
581101,2
581137,36
581143,6
581149,6
581171,22
581173,2
581177,4
581183,6
581197,14
581201,4
581227,26
581237,10
581239,2
581261,22
581263,2
581293,30
581303,10
581311,8
581323,12
581333,10
581341,8
581351,10
581353,2
581369,16
581377,8
581393,16
581407,14
581411,4
581429,18
581443,14
581447,4
581459,12
581473,14
581491,18
581521,30
581527,6
581549,22
581551,2
581557,6
581573,16
581597,24
581599,2
581617,18
581639,22
581657,18
581663,6
581683,20
581687,4
581699,12
581701,2
581729,28
581731,2
581743,12
581753,10
581767,14
581773,6
581797,24
581809,12
581821,12
581843,22
581857,14
581863,6
581869,6
581873,4
581891,18
581909,18
581921,12
581941,20
581947,6
581953,6
581981,28
581983,2
582011,28
582013,2
582017,4
582031,14
582037,6
582067,30
582083,16
582119,36
582137,18
582139,2
582157,18
582161,4
582167,6
582173,6
582181,8
582203,22
582209,6
582221,12
582223,2
582227,4
582247,20
582251,4
582299,48
582317,18
582319,2
582371,52
582391,20
582409,18
582419,10
582427,8
582433,6
582451,18
582457,6
582469,12
582499,30
582509,10
582511,2
582541,30
582551,10
582563,12
582587,24
582601,14
582623,22
582643,20
582649,6
582677,28
582689,12
582691,2
582719,28
582721,2
582727,6
582731,4
582737,6
582761,24
582763,2
582767,4
582773,6
582781,8
582793,12
582809,16
582821,12
582851,30
582853,2
582859,6
582887,28
582899,12
582931,32
582937,6
582949,12
582961,12
582971,10
582973,2
582983,10
583007,24
583013,6
583019,6
583021,2
583031,10
583069,38
583087,18
583127,40
583139,12
583147,8
583153,6
583169,16
583171,2
583181,10
583189,8
583207,18
583213,6
583229,16
583237,8
583249,12
583267,18
583273,6
583279,6
583291,12
583301,10
583337,36
583339,2
583351,12
583367,16
583391,24
583397,6
583403,6
583409,6
583417,8
583421,4
583447,26
583459,12
583469,10
583481,12
583493,12
583501,8
583511,10
583519,8
583523,4
583537,14
583543,6
583577,34
583603,26
583613,10
583619,6
583621,2
583631,10
583651,20
583657,6
583669,12
583673,4
583697,24
583727,30
583733,6
583753,20
583769,16
583777,8
583783,6
583789,6
583801,12
583841,40
583853,12
583859,6
583861,2
583873,12
583879,6
583903,24
583909,6
583937,28
583969,32
583981,12
583991,10
583997,6
584011,14
584027,16
584033,6
584053,20
584057,4
584063,6
584081,18
584099,18
584141,42
584153,12
584167,14
584183,16
584203,20
584249,46
584261,12
584279,18
584281,2
584303,22
584347,44
584357,10
584359,2
584377,18
584387,10
584393,6
584399,6
584411,12
584417,6
584429,12
584447,18
584471,24
584473,2
584509,36
584531,22
584557,26
584561,4
584587,26
584593,6
584599,6
584603,4
584609,6
584621,12
584627,6
584659,32
584663,4
584677,14
584693,16
584699,6
584707,8
584713,6
584719,6
584723,4
584737,14
584767,30
584777,10
584789,12
584791,2
584809,18
584849,40
584863,14
584869,6
584873,4
584879,6
584897,18
584911,14
584917,6
584923,6
584951,28
584963,12
584971,8
584981,10
584993,12
584999,6
585019,20
585023,4
585031,8
585037,6
585041,4
585043,2
585049,6
585061,12
585071,10
585073,2
585077,4
585107,30
585113,6
585119,6
585131,12
585149,18
585163,14
585199,36
585217,18
585251,34
585269,18
585271,2
585283,12
585289,6
585313,24
585317,4
585337,20
585341,4
585367,26
585383,16
585391,8
585413,22
585437,24
585443,6
585461,18
585467,6
585493,26
585503,10
585517,14
585547,30
585551,4
585569,18
585577,8
585581,4
585587,6
585593,6
585601,8
585619,18
585643,24
585653,10
585671,18
585677,6
585691,14
585721,30
585727,6
585733,6
585737,4
585743,6
585749,6
585757,8
585779,22
585791,12
585799,8
585839,40
585841,2
585847,6
585853,6
585857,4
585863,6
585877,14
585881,4
585883,2
585889,6
585899,10
585911,12
585913,2
585917,4
585919,2
585953,34
585989,36
585997,8
586009,12
586037,28
586051,14
586057,6
586067,10
586073,6
586087,14
586111,24
586121,10
586123,2
586129,6
586139,10
586147,8
586153,6
586189,36
586213,24
586237,24
586273,36
586277,4
586291,14
586301,10
586309,8
586319,10
586349,30
586361,12
586363,2
586367,4
586387,20
586403,16
586429,26
586433,4
586457,24
586459,2
586463,4
586471,8
586493,22
586499,6
586501,2
586541,40
586543,2
586567,24
586571,4
586577,6
586589,12
586601,12
586603,2
586609,6
586627,18
586631,4
586633,2
586667,34
586679,12
586693,14
586711,18
586723,12
586741,18
586769,28
586787,18
586793,6
586801,8
586811,10
586813,2
586819,6
586837,18
586841,4
586849,8
586871,22
586897,26
586903,6
586909,6
586919,10
586921,2
586933,12
586939,6
586951,12
586961,10
586973,12
586979,6
586981,2
587017,36
587021,4
587033,12
587051,18
587053,2
587057,4
587063,6
587087,24
587101,14
587107,6
587117,10
587123,6
587131,8
587137,6
587143,6
587149,6
587173,24
587179,6
587189,10
587201,12
587219,18
587263,44
587267,4
587269,2
587281,12
587287,6
587297,10
587303,6
587341,38
587371,30
587381,10
587387,6
587413,26
587417,4
587429,12
587437,8
587441,4
587459,18
587467,8
587473,6
587497,24
587513,16
587519,6
587527,8
587533,6
587539,6
587549,10
587551,2
587563,12
587579,16
587599,20
587603,4
587617,14
587621,4
587623,2
587633,10
587659,26
587669,10
587677,8
587687,10
587693,6
587711,18
587731,20
587737,6
587747,10
587749,2
587753,4
587771,18
587773,2
587789,16
587813,24
587827,14
587833,6
587849,16
587863,14
587887,24
587891,4
587897,6
587927,30
587933,6
587947,14
587959,12
587969,10
587971,2
587987,16
587989,2
587999,10
588011,12
588019,8
588037,18
588043,6
588061,18
588073,12
588079,6
588083,4
588097,14
588113,16
588121,8
588131,10
588151,20
588167,16
588169,2
588173,4
588191,18
588199,8
588229,30
588239,10
588241,2
588257,16
588277,20
588293,16
588311,18
588347,36
588359,12
588361,2
588383,22
588389,6
588397,8
588403,6
588433,30
588437,4
588463,26
588481,18
588493,12
588503,10
588509,6
588517,8
588521,4
588529,8
588569,40
588571,2
588619,48
588631,12
588641,10
588647,6
588649,2
588667,18
588673,6
588683,10
588703,20
588733,30
588737,4
588743,6
588767,24
588773,6
588779,6
588811,32
588827,16
588839,12
588871,32
588877,6
588881,4
588893,12
588911,18
588937,26
588941,4
588947,6
588949,2
588953,4
588977,24
589021,44
589027,6
589049,22
589063,14
589109,46
589111,2
589123,12
589139,16
589159,20
589163,4
589181,18
589187,6
589189,2
589207,18
589213,6
589219,6
589231,12
589241,10
589243,2
589273,30
589289,16
589291,2
589297,6
589327,30
589331,4
589349,18
589357,8
589387,30
589409,22
589439,30
589451,12
589453,2
589471,18
589481,10
589493,12
589507,14
589529,22
589531,2
589579,48
589583,4
589591,8
589601,10
589607,6
589609,2
589639,30
589643,4
589681,38
589711,30
589717,6
589751,34
589753,2
589759,6
589763,4
589783,20
589793,10
589807,14
589811,4
589829,18
589847,18
589859,12
589861,2
589873,12
589877,4
589903,26
589921,18
589933,12
589993,60
589997,4
590021,24
590027,6
590033,6
590041,8
590071,30
590077,6
590099,22
590119,20
590123,4
590129,6
590131,2
590137,6
590141,4
590153,12
590171,18
590201,30
590207,6
590243,36
590251,8
590263,12
590267,4
590269,2
590279,10
590309,30
590321,12
590323,2
590327,4
590357,30
590363,6
590377,14
590383,6
590389,6
590399,10
590407,8
590431,24
590437,6
590489,52
590537,48
590543,6
590567,24
590573,6
590593,20
590599,6
590609,10
590627,18
590641,14
590647,6
590657,10
590659,2
590669,10
590713,44
590717,4
590719,2
590741,22
590753,12
590771,18
590797,26
590809,12
590813,4
590819,6
590833,14
590839,6
590867,28
590899,32
590921,22
590923,2
590929,6
590959,30
590963,4
590983,20
590987,4
591023,36
591053,30
591061,8
591067,6
591079,12
591089,10
591091,2
591113,22
591127,14
591131,4
591137,6
591161,24
591163,2
591181,18
591193,12
591233,40
591259,26
591271,12
591287,16
591289,2
591301,12
591317,16
591319,2
591341,22
591377,36
591391,14
591403,12
591407,4
591421,14
591431,10
591443,12
591457,14
591469,12
591499,30
591509,10
591523,14
591553,30
591559,6
591581,22
591599,18
591601,2
591611,10
591623,12
591649,26
591653,4
591659,6
591673,14
591691,18
591709,18
591739,30
591743,4
591749,6
591751,2
591757,6
591779,22
591791,12
591827,36
591841,14
591847,6
591863,16
591881,18
591887,6
591893,6
591901,8
591937,36
591959,22
591973,14
592019,46
592027,8
592049,22
592057,8
592061,4
592073,12
592087,14
592099,12
592121,22
592129,8
592133,4
592139,6
592157,18
592199,42
592217,18
592219,2
592223,4
592237,14
592261,24
592289,28
592303,14
592307,4
592309,2
592321,12
592337,16
592343,6
592351,8
592357,6
592367,10
592369,2
592387,18
592391,4
592393,2
592429,36
592451,22
592453,2
592463,10
592469,6
592483,14
592489,6
592507,18
592517,10
592531,14
592547,16
592561,14
592577,16
592589,12
592597,8
592601,4
592609,8
592621,12
592639,18
592643,4
592649,6
592661,12
592663,2
592681,18
592693,12
592723,30
592727,4
592741,14
592747,6
592759,12
592763,4
592793,30
592843,50
592849,6
592853,4
592861,8
592873,12
592877,4
592897,20
592903,6
592919,16
592931,12
592939,8
592967,28
592973,6
592987,14
592993,6
593003,10
593029,26
593041,12
593051,10
593059,8
593071,12
593081,10
593083,2
593111,28
593119,8
593141,22
593143,2
593149,6
593171,22
593179,8
593183,4
593207,24
593209,2
593213,4
593227,14
593231,4
593233,2
593251,18
593261,10
593273,12
593291,18
593293,2
593297,4
593321,24
593323,2
593353,30
593381,28
593387,6
593399,12
593401,2
593407,6
593429,22
593447,18
593449,2
593473,24
593479,6
593491,12
593497,6
593501,4
593507,6
593513,6
593519,6
593531,12
593539,8
593573,34
593587,14
593597,10
593603,6
593627,24
593629,2
593633,4
593641,8
593647,6
593651,4
593689,38
593707,18
593711,4
593767,56
593777,10
593783,6
593839,56
593851,12
593863,12
593869,6
593899,30
593903,4
593933,30
593951,18
593969,18
593977,8
593987,10
593993,6
594023,30
594037,14
594047,10
594091,44
594103,12
594107,4
594119,12
594137,18
594151,14
594157,6
594161,4
594163,2
594179,16
594193,14
594203,10
594211,8
594227,16
594241,14
594271,30
594281,10
594283,2
594287,4
594299,12
594311,12
594313,2
594329,16
594359,30
594367,8
594379,12
594397,18
594401,4
594403,2
594421,18
594427,6
594449,22
594457,8
594467,10
594469,2
594499,30
594511,12
594521,10
594523,2
594533,10
594551,18
594563,12
594569,6
594571,2
594577,6
594617,40
594637,20
594641,4
594653,12
594667,14
594679,12
594697,18
594709,12
594721,12
594739,18
594749,10
594751,2
594773,22
594793,20
594821,28
594823,2
594827,4
594829,2
594857,28
594889,32
594899,10
594911,12
594917,6
594929,12
594931,2
594953,22
594959,6
594961,2
594977,16
594989,12
595003,14
595037,34
595039,2
595043,4
595057,14
595069,12
595073,4
595081,8
595087,6
595093,6
595097,4
595117,20
595123,6
595129,6
595139,10
595141,2
595157,16
595159,2
595181,22
595183,2
595201,18
595207,6
595229,22
595247,18
595253,6
595261,8
595267,6
595271,4
595277,6
595291,14
595303,12
595313,10
595319,6
595333,14
595339,6
595351,12
595363,12
595373,10
595379,6
595381,2
595411,30
595451,40
595453,2
595481,28
595513,32
595519,6
595523,4
595547,24
595549,2
595571,22
595577,6
595579,2
595613,34
595627,14
595687,60
595703,16
595709,6
595711,2
595717,6
595733,16
595741,8
595801,60
595807,6
595817,10
595843,26
595873,30
595877,4
595927,50
595939,12
595943,4
595949,6
595951,2
595957,6
595961,4
595963,2
595967,4
595981,14
596009,28
596021,12
596027,6
596047,20
596053,6
596059,6
596069,10
596081,12
596083,2
596093,10
596117,24
596119,2
596143,24
596147,4
596159,12
596179,20
596209,30
596227,18
596231,4
596243,12
596251,8
596257,6
596261,4
596273,12
596279,6
596291,12
596293,2
596317,24
596341,24
596363,22
596369,6
596399,30
596419,20
596423,4
596461,38
596489,28
596503,14
596507,4
596537,30
596569,32
596573,4
596579,6
596587,8
596593,6
596599,6
596611,12
596623,12
596633,10
596653,20
596663,10
596669,6
596671,2
596693,22
596707,14
596737,30
596741,4
596749,8
596767,18
596779,12
596789,10
596803,14
596821,18
596831,10
596839,8
596851,12
596857,6
596861,4
596863,2
596879,16
596899,20
596917,18
596927,10
596929,2
596933,4
596941,8
596963,22
596977,14
596983,6
596987,4
597031,44
597049,18
597053,4
597059,6
597073,14
597127,54
597131,4
597133,2
597137,4
597169,32
597209,40
597221,12
597239,18
597253,14
597263,10
597269,6
597271,2
597301,30
597307,6
597349,42
597353,4
597361,8
597367,6
597383,16
597391,8
597403,12
597407,4
597409,2
597419,10
597433,14
597437,4
597451,14
597473,22
597497,24
597521,24
597523,2
597539,16
597551,12
597559,8
597577,18
597581,4
597589,8
597593,4
597599,6
597613,14
597637,24
597643,6
597659,16
597671,12
597673,2
597677,4
597679,2
597689,10
597697,8
597757,60
597761,4
597767,6
597769,2
597781,12
597803,22
597823,20
597827,4
597833,6
597853,20
597859,6
597869,10
597889,20
597899,10
597901,2
597923,22
597929,6
597967,38
597997,30
598007,10
598049,42
598051,2
598057,6
598079,22
598093,14
598099,6
598123,24
598127,4
598141,14
598151,10
598159,8
598163,4
598187,24
598189,2
598193,4
598219,26
598229,10
598261,32
598303,42
598307,4
598333,26
598363,30
598369,6
598379,10
598387,8
598399,12
598421,22
598427,6
598439,12
598447,8
598457,10
598463,6
598487,24
598489,2
598501,12
598537,36
598541,4
598571,30
598613,42
598643,30
598649,6
598651,2
598657,6
598669,12
598681,12
598687,6
598691,4
598711,20
598721,10
598727,6
598729,2
598777,48
598783,6
598789,6
598799,10
598817,18
598841,24
598853,12
598867,14
598877,10
598883,6
598891,8
598903,12
598931,28
598933,2
598963,30
598967,4
598973,6
598981,8
598987,6
598999,12
599003,4
599009,6
599021,12
599023,2
599069,46
599087,18
599117,30
599143,26
599147,4
599149,2
599153,4
599191,38
599213,22
599231,18
599243,12
599251,8
599273,22
599281,8
599303,22
599309,6
599321,12
599341,20
599353,12
599359,6
599371,12
599383,12
599387,4
599399,12
599407,8
599413,6
599419,6
599429,10
599477,48
599479,2
599491,12
599513,22
599519,6
599537,18
599551,14
599561,10
599591,30
599597,6
599603,6
599611,8
599623,12
599629,6
599657,28
599663,6
599681,18
599693,12
599699,6
599701,2
599713,12
599719,6
599741,22
599759,18
599779,20
599783,4
599803,20
599831,28
599843,12
599857,14
599869,12
599891,22
599899,8
599927,28
599933,6
599939,6
599941,2
599959,18
599983,24
599993,10
599999,6
