350003,22
350029,26
350033,4
350039,6
350087,48
350089,2
350093,4
350107,14
350111,4
350137,26
350159,22
350179,20
350191,12
350213,22
350219,6
350237,18
350249,12
350257,8
350281,24
350293,12
350347,54
350351,4
350377,26
350381,4
350411,30
350423,12
350429,6
350431,2
350437,6
350443,6
350447,4
350453,6
350459,6
350503,44
350521,18
350549,28
350561,12
350563,2
350587,24
350593,6
350617,24
350621,4
350629,8
350657,28
350663,6
350677,14
350699,22
350711,12
350719,8
350729,10
350731,2
350737,6
350741,4
350747,6
350767,20
350771,4
350783,12
350789,6
350803,14
350809,6
350843,34
350851,8
350869,18
350881,12
350887,6
350891,4
350899,8
350941,42
350947,6
350963,16
350971,8
350981,10
350983,2
350989,6
351011,22
351023,12
351031,8
351037,6
351041,4
351047,6
351053,6
351059,6
351061,2
351077,16
351079,2
351097,18
351121,24
351133,12
351151,18
351157,6
351179,22
351217,38
351223,6
351229,6
351257,28
351259,2
351269,10
351287,18
351289,2
351293,4
351301,8
351311,10
351341,30
351343,2
351347,4
351359,12
351361,2
351383,22
351391,8
351397,6
351401,4
351413,12
351427,14
351437,10
351457,20
351469,12
351479,10
351497,18
351503,6
351517,14
351529,12
351551,22
351563,12
351587,24
351599,12
351643,44
351653,10
351661,8
351667,6
351691,24
351707,16
351727,20
351731,4
351733,2
351749,16
351751,2
351763,12
351773,10
351779,6
351797,18
351803,6
351811,8
351829,18
351847,18
351851,4
351859,8
351863,4
351887,24
351913,26
351919,6
351929,10
351931,2
351959,28
351971,12
351991,20
352007,16
352021,14
352043,22
352049,6
352057,8
352069,12
352073,4
352081,8
352097,16
352109,12
352111,2
352123,12
352133,10
352181,48
352193,12
352201,8
352217,16
352229,12
352237,8
352249,12
352267,18
352271,4
352273,2
352301,28
352309,8
352327,18
352333,6
352349,16
352357,8
352361,4
352367,6
352369,2
352381,12
352399,18
352403,4
352409,6
352411,2
352421,10
352423,2
352441,18
352459,18
352463,4
352481,18
352483,2
352489,6
352493,4
352511,18
352523,12
352543,20
352549,6
352579,30
352589,10
352601,12
352607,6
352619,12
352633,14
352637,4
352661,24
352691,30
352711,20
352739,28
352741,2
352753,12
352757,4
352771,14
352813,42
352817,4
352819,2
352831,12
352837,6
352841,4
352853,12
352867,14
352883,16
352907,24
352909,2
352931,22
352939,8
352949,10
352951,2
352973,22
352991,18
353011,20
353021,10
353047,26
353053,6
353057,4
353069,12
353081,12
353099,18
353117,18
353123,6
353137,14
353147,10
353149,2
353161,12
353173,12
353179,6
353201,22
353203,2
353237,34
353263,26
353293,30
353317,24
353321,4
353329,8
353333,4
353341,8
353359,18
353389,30
353401,12
353411,10
353429,18
353443,14
353453,10
353459,6
353471,12
353473,2
353489,16
353501,12
353527,26
353531,4
353557,26
353567,10
353603,36
353611,8
353621,10
353627,6
353629,2
353641,12
353653,12
353657,4
353677,20
353681,4
353687,6
353699,12
353711,12
353737,26
353747,10
353767,20
353777,10
353783,6
353797,14
353807,10
353813,6
353819,6
353833,14
353867,34
353869,2
353879,10
353891,12
353897,6
353911,14
353917,6
353921,4
353929,8
353939,10
353963,24
354001,38
354007,6
354017,10
354023,6
354031,8
354037,6
354041,4
354043,2
354047,4
354073,26
354091,18
354097,6
354121,24
354139,18
354143,4
354149,6
354163,14
354169,6
354181,12
354209,28
354247,38
354251,4
354253,2
354257,4
354259,2
354271,12
354301,30
354307,6
354313,6
354317,4
354323,6
354329,6
354337,8
354353,16
354371,18
354373,2
354377,4
354383,6
354391,8
354401,10
354421,20
354439,18
354443,4
354451,8
354461,10
354463,2
354469,6
354479,10
354533,54
354539,6
354551,12
354553,2
354581,28
354587,6
354619,32
354643,24
354647,4
354661,14
354667,6
354677,10
354689,12
354701,12
354703,2
354727,24
354737,10
354743,6
354751,8
354763,12
354779,16
354791,12
354799,8
354829,30
354833,4
354839,6
354847,8
354869,22
354877,8
354881,4
354883,2
354911,28
354953,42
354961,8
354971,10
354973,2
354979,6
354983,4
354997,14
355007,10
355009,2
355027,18
355031,4
355037,6
355039,2
355049,10
355057,8
355063,6
355073,10
355087,14
355093,6
355099,6
355109,10
355111,2
355127,16
355139,12
355171,32
355193,22
355211,18
355261,50
355297,36
355307,10
355321,14
355331,10
355339,8
355343,4
355361,18
355363,2
355379,16
355417,38
355427,10
355441,14
355457,16
355463,6
355483,20
355499,16
355501,2
355507,6
355513,6
355517,4
355519,2
355529,10
355541,12
355549,8
355559,10
355571,12
355573,2
355591,18
355609,18
355633,24
355643,10
355651,8
355669,18
355679,10
355697,18
355717,20
355721,4
355723,2
355753,30
355763,10
355777,14
355783,6
355799,16
355811,12
355819,8
355841,22
355847,6
355853,6
355867,14
355891,24
355909,18
355913,4
355933,20
355937,4
355939,2
355951,12
355967,16
355969,2
356023,54
356039,16
356077,38
356093,16
356101,8
356113,12
356123,10
356129,6
356137,8
356141,4
356143,2
356171,28
356173,2
356197,24
356219,22
356243,24
356261,18
356263,2
356287,24
356299,12
356311,12
356327,16
356333,6
356351,18
356387,36
356399,12
356441,42
356443,2
356449,6
356453,4
356467,14
356479,12
356501,22
356509,8
356533,24
356549,16
356561,12
356563,2
356567,4
356579,12
356591,12
356621,30
356647,26
356663,16
356693,30
356701,8
356731,30
356737,6
356749,12
356761,12
356803,42
356819,16
356821,2
356831,10
356869,38
356887,18
356893,6
356927,34
356929,2
356933,4
356947,14
356959,12
356969,10
356977,8
356981,4
356989,8
356999,10
357031,32
357047,16
357073,26
357079,6
357083,4
357103,20
357107,4
357109,2
357131,22
357139,8
357169,30
357179,10
357197,18
357199,2
357211,12
357229,18
357239,10
357241,2
357263,22
357271,8
357281,10
357283,2
357293,10
357319,26
357347,28
357349,2
357353,4
357359,6
357377,18
357389,12
357421,32
357431,10
357437,6
357473,36
357503,30
357509,6
357517,8
357551,34
357559,8
357563,4
357569,6
357571,2
357583,12
357587,4
357593,6
357611,18
357613,2
357619,6
357649,30
357653,4
357659,6
357661,2
357667,6
357671,4
357677,6
357683,6
357689,6
357703,14
357727,24
357733,6
357737,4
357739,2
357767,28
357779,12
357781,2
357787,6
357793,6
357809,16
357817,8
357823,6
357829,6
357839,10
357859,20
357883,24
357913,30
357967,54
357977,10
357983,6
357989,6
357997,8
358031,34
358051,20
358069,18
358073,4
358079,6
358103,24
358109,6
358153,44
358157,4
358159,2
358181,22
358201,20
358213,12
358219,6
358223,4
358229,6
358243,14
358273,30
358277,4
358279,2
358289,10
358291,2
358297,6
358301,4
358313,12
358327,14
358331,4
358349,18
358373,24
358417,44
358427,10
358429,2
358441,12
358447,6
358459,12
358471,12
358483,12
358487,4
358499,12
358531,32
358541,10
358571,30
358573,2
358591,18
358597,6
358601,4
358607,6
358613,6
358637,24
358667,30
358669,2
358681,12
358691,10
358697,6
358703,6
358711,8
358723,12
358727,4
358733,6
358747,14
358753,6
358769,16
358783,14
358793,10
358811,18
358829,18
358847,18
358859,12
358861,2
358867,6
358877,10
358879,2
358901,22
358903,2
358907,4
358909,2
358931,22
358951,20
358973,22
358979,6
358987,8
358993,6
358999,6
359003,4
359017,14
359027,10
359041,14
359063,22
359069,6
359101,32
359111,10
359129,18
359137,8
359143,6
359147,4
359153,6
359167,14
359171,4
359207,36
359209,2
359231,22
359243,12
359263,20
359267,4
359279,12
359291,12
359297,6
359299,2
359311,12
359323,12
359327,4
359353,26
359357,4
359377,20
359389,12
359407,18
359417,10
359419,2
359441,22
359449,8
359477,28
359479,2
359483,4
359501,18
359509,8
359539,30
359549,10
359561,12
359563,2
359581,18
359587,6
359599,12
359621,22
359633,12
359641,8
359657,16
359663,6
359701,38
359713,12
359719,6
359731,12
359747,16
359753,6
359761,8
359767,6
359783,16
359837,54
359851,14
359869,18
359897,28
359911,14
359929,18
359981,52
359987,6
360007,20
360023,16
360037,14
360049,12
360053,4
360071,18
360089,18
360091,2
360163,72
360167,4
360169,2
360181,12
360187,6
360193,6
360197,4
360223,26
360229,6
360233,4
360257,24
360271,14
360277,6
360287,10
360289,2
360293,4
360307,14
360317,10
360323,6
360337,14
360391,54
360407,16
360421,14
360439,18
360457,18
360461,4
360497,36
360509,12
360511,2
360541,30
360551,10
360589,38
360593,4
360611,18
360637,26
360649,12
360653,4
360749,96
360769,20
360779,10
360781,2
360803,22
360817,14
360821,4
360823,2
360827,4
360851,24
360853,2
360863,10
360869,6
360901,32
360907,6
360947,40
360949,2
360953,4
360959,6
360973,14
360977,4
360979,2
360989,10
361001,12
361003,2
361013,10
361033,20
361069,36
361091,22
361093,2
361111,18
361159,48
361183,24
361211,28
361213,2
361217,4
361219,2
361223,4
361237,14
361241,4
361271,30
361279,8
361313,34
361321,8
361327,6
361337,10
361349,12
361351,2
361357,6
361363,6
361373,10
361409,36
361411,2
361421,10
361433,12
361441,8
361447,6
361451,4
361463,12
361469,6
361481,12
361499,18
361507,8
361511,4
361523,12
361531,8
361541,10
361549,8
361561,12
361577,16
361637,60
361643,6
361649,6
361651,2
361663,12
361679,16
361687,8
361723,36
361727,4
361747,20
361763,16
361769,6
361787,18
361789,2
361793,4
361799,6
361807,8
361843,36
361871,28
361873,2
361877,4
361901,24
361903,2
361909,6
361919,10
361927,8
361943,16
361961,18
361967,6
361973,6
361979,6
361993,14
362003,10
362027,24
362051,24
362053,2
362059,6
362069,10
362081,12
362093,12
362099,6
362107,8
362137,30
362143,6
362147,4
362161,14
362177,16
362191,14
362203,12
362213,10
362221,8
362233,12
362237,4
362281,44
362291,10
362293,2
362303,10
362309,6
362333,24
362339,6
362347,8
362353,6
362357,4
362363,6
362371,8
362377,6
362381,4
362393,12
362407,14
362419,12
362429,10
362431,2
362443,12
362449,6
362459,10
362473,14
362521,48
362561,40
362569,8
362581,12
362599,18
362629,30
362633,4
362657,24
362693,36
362707,14
362717,10
362723,6
362741,18
362743,2
362749,6
362753,4
362759,6
362801,42
362851,50
362863,12
362867,4
362897,30
362903,6
362911,8
362927,16
362941,14
362951,10
362953,2
362969,16
362977,8
362983,6
362987,4
363017,30
363019,2
363037,18
363043,6
363047,4
363059,12
363061,2
363067,6
363119,52
363149,30
363151,2
363157,6
363161,4
363173,12
363179,6
363199,20
363211,12
363217,6
363257,40
363269,12
363271,2
363277,6
363313,36
363317,4
363329,12
363343,14
363359,16
363361,2
363367,6
363371,4
363373,2
363379,6
363397,18
363401,4
363403,2
363431,28
363437,6
363439,2
363463,24
363481,18
363491,10
363497,6
363523,26
363529,6
363533,4
363541,8
363551,10
363557,6
363563,6
363569,6
363577,8
363581,4
363589,8
363611,22
363619,8
363659,40
363677,18
363683,6
363691,8
363719,28
363731,12
363751,20
363757,6
363761,4
363767,6
363773,6
363799,26
363809,10
363829,20
363833,4
363841,8
363871,30
363887,16
363889,2
363901,12
363911,10
363917,6
363941,24
363947,6
363949,2
363959,10
363967,8
363977,10
363989,12
364027,38
364031,4
364069,38
364073,4
364079,6
364103,24
364127,24
364129,2
364141,12
364171,30
364183,12
364187,4
364193,6
364213,20
364223,10
364241,18
364267,26
364271,4
364289,18
364291,2
364303,12
364313,10
364321,8
364333,12
364337,4
364349,12
364373,24
364379,6
364393,14
364411,18
364417,6
364423,6
364433,10
364447,14
364451,4
364459,8
364471,12
364499,28
364513,14
364523,10
364537,14
364541,4
364543,2
364571,28
364583,12
364601,18
364607,6
364621,14
364627,6
364643,16
364657,14
364669,12
364687,18
364691,4
364699,8
364717,18
364739,22
364747,8
364751,4
364753,2
364759,6
364801,42
364829,28
364853,24
364873,20
364879,6
364883,4
364891,8
364909,18
364919,10
364921,2
364937,16
364943,6
364961,18
364979,18
364993,14
364997,4
365003,6
365017,14
365021,4
365039,18
365063,24
365069,6
365089,20
365107,18
365119,12
365129,10
365137,8
365147,10
365159,12
365173,14
365179,6
365201,22
365213,12
365231,18
365249,18
365251,2
365257,6
365291,34
365293,2
365297,4
365303,6
365327,24
365333,6
365357,24
365369,12
365377,8
365411,34
365413,2
365419,6
365423,4
365441,18
365461,20
365467,6
365471,4
365473,2
365479,6
365489,10
365507,18
365509,2
365513,4
365527,14
365531,4
365537,6
365557,20
365567,10
365569,2
365587,18
365591,4
365611,20
365627,16
365639,12
365641,2
365669,28
365683,14
365689,6
365699,10
365747,48
365749,2
365759,10
365773,14
365779,6
365791,12
365797,6
365809,12
365837,28
365839,2
365851,12
365903,52
365929,26
365933,4
365941,8
365969,28
365983,14
366001,18
366013,12
366019,6
366029,10
366031,2
366053,22
366077,24
366097,20
366103,6
366127,24
366133,6
366139,6
366161,22
366167,6
366169,2
366173,4
366181,8
366193,12
366199,6
366211,12
366217,6
366221,4
366227,6
366239,12
366259,20
366269,10
366277,8
366287,10
366293,6
366307,14
366313,6
366329,16
366341,12
366343,2
366347,4
366383,36
366397,14
366409,12
366419,10
366433,14
366437,4
366439,2
366461,22
366463,2
366467,4
366479,12
366497,18
366511,14
366517,6
366521,4
366547,26
366593,46
366599,6
366607,8
366631,24
366677,46
366683,6
366697,14
366701,4
366703,2
366713,10
366721,8
366727,6
366733,6
366787,54
366791,4
366811,20
366829,18
366841,12
366851,10
366853,2
366859,6
366869,10
366881,12
366889,8
366901,12
366907,6
366917,10
366923,6
366941,18
366953,12
366967,14
366973,6
366983,10
366997,14
367001,4
367007,6
367019,12
367021,2
367027,6
367033,6
367049,16
367069,20
367097,28
367121,24
367123,2
367127,4
367139,12
367163,24
367181,18
367189,8
367201,12
367207,6
367219,12
367229,10
367231,2
367243,12
367259,16
367261,2
367273,12
367277,4
367307,30
367309,2
367313,4
367321,8
367357,36
367369,12
367391,22
367397,6
367427,30
367453,26
367457,4
367469,12
367501,32
367519,18
367531,12
367541,10
367547,6
367559,12
367561,2
367573,12
367597,24
367603,6
367613,10
367621,8
367637,16
367649,12
367651,2
367663,12
367673,10
367687,14
367699,12
367711,12
367721,10
367733,12
367739,6
367751,12
367771,20
367777,6
367781,4
367789,8
367819,30
367823,4
367831,8
367841,10
367849,8
367853,4
367867,14
367879,12
367883,4
367889,6
367909,20
367949,40
367957,8
368021,64
368029,8
368047,18
368059,12
368077,18
368083,6
368089,6
368099,10
368107,8
368111,4
368117,6
368129,12
368141,12
368149,8
368153,4
368171,18
368189,18
368197,8
368227,30
368231,4
368233,2
368243,10
368273,30
368279,6
368287,8
368293,6
368323,30
368327,4
368359,32
368363,4
368369,6
368399,30
368411,12
368443,32
368447,4
368453,6
368471,18
368491,20
368507,16
368513,6
368521,8
368531,10
368539,8
368551,12
368579,28
368593,14
368597,4
368609,12
368633,24
368647,14
368651,4
368653,2
368689,36
368717,28
368729,12
368737,8
368743,6
368773,30
368783,10
368789,6
368791,2
368801,10
368803,2
368833,30
368857,24
368873,16
368881,8
368899,18
368911,12
368939,28
368947,8
368957,10
369007,50
369013,6
369023,10
369029,6
369067,38
369071,4
369077,6
369079,2
369097,18
369119,22
369133,14
369137,4
369143,6
369169,26
369181,12
369191,10
369197,6
369211,14
369247,36
369253,6
369263,10
369269,6
369283,14
369293,10
369301,8
369319,18
369331,12
369353,22
369361,8
369407,46
369409,2
369419,10
369469,50
369487,18
369491,4
369539,48
369553,14
369557,4
369581,24
369637,56
369647,10
369659,12
369661,2
369673,12
369703,30
369709,6
369731,22
369739,8
369751,12
369791,40
369793,2
369821,28
369827,6
369829,2
369833,4
369841,8
369851,10
369877,26
369893,16
369913,20
369917,4
369947,30
369959,12
369961,2
369979,18
369983,4
369991,8
369997,6
370003,6
370009,6
370021,12
370033,12
370057,24
370061,4
370067,6
370081,14
370091,10
370103,12
370121,18
370133,12
370147,14
370159,12
370169,10
370193,24
370199,6
370207,8
370213,6
370217,4
370241,24
370247,6
370261,14
370373,112
370387,14
370399,12
370411,12
370421,10
370423,2
370427,4
370439,12
370441,2
370451,10
370463,12
370471,8
370477,6
370483,6
370493,10
370511,18
370529,18
370537,8
370547,10
370561,14
370571,10
370597,26
370603,6
370609,6
370613,4
370619,6
370631,12
370661,30
370663,2
370673,10
370679,6
370687,8
370693,6
370723,30
370759,36
370793,34
370801,8
370813,12
370837,24
370871,34
370873,2
370879,6
370883,4
370891,8
370897,6
370919,22
370949,30
371027,78
371029,2
371057,28
371069,12
371071,2
371083,12
371087,4
371099,12
371131,32
371141,10
371143,2
371153,10
371177,24
371179,2
371191,12
371213,22
371227,14
371233,6
371237,4
371249,12
371251,2
371257,6
371281,24
371291,10
371299,8
371303,4
371311,8
371321,10
371333,12
371339,6
371341,2
371353,12
371359,6
371383,24
371387,4
371389,2
371417,28
371447,30
371453,6
371471,18
371479,8
371491,12
371509,18
371513,4
371549,36
371561,12
371573,12
371587,14
371617,30
371627,10
371633,6
371639,6
371663,24
371669,6
371699,30
371719,20
371737,18
371779,42
371797,18
371831,34
371837,6
371843,6
371851,8
371857,6
371869,12
371873,4
371897,24
371927,30
371929,2
371939,10
371941,2
371951,10
371957,6
371971,14
371981,10
371999,18
372013,14
372023,10
372037,14
372049,12
372059,10
372061,2
372067,6
372107,40
372121,14
372131,10
372137,6
372149,12
372167,18
372173,6
372179,6
372223,44
372241,18
372263,22
372269,6
372271,2
372277,6
372289,12
372293,4
372299,6
372311,12
372313,2
372353,40
372367,14
372371,4
372377,6
372397,20
372401,4
372409,8
372413,4
372443,30
372451,8
372461,10
372473,12
372481,8
372497,16
372511,14
372523,12
372539,16
372607,68
372611,4
372613,2
372629,16
372637,8
372653,16
372661,8
372667,6
372677,10
372689,12
372707,18
372709,2
372719,10
372733,14
372739,6
372751,12
372763,12
372769,6
372773,4
372797,24
372803,6
372809,6
372817,8
372829,12
372833,4
372839,6
372847,8
372859,12
372871,12
372877,6
372881,4
372901,20
372917,16
372941,24
372943,2
372971,28
372973,2
372979,6
373003,24
373007,4
373019,12
373049,30
373063,14
373073,10
373091,18
373127,36
373151,24
373157,6
373171,14
373181,10
373183,2
373187,4
373193,6
373199,6
373207,8
373211,4
373213,2
373229,16
373231,2
373273,42
373291,18
373297,6
373301,4
373327,26
373339,12
373343,4
373349,6
373357,8
373361,4
373363,2
373379,16
373393,14
373447,54
373453,6
373459,6
373463,4
373487,24
373489,2
373501,12
373517,16
373553,36
373561,8
373567,6
373613,46
373621,8
373631,10
373649,18
373657,8
373661,4
373669,8
373693,24
373717,24
373721,4
373753,32
373757,4
373777,20
373783,6
373823,40
373837,14
373859,22
373861,2
373903,42
373909,6
373937,28
373943,6
373951,8
373963,12
373969,6
373981,12
373987,6
373999,12
374009,10
374029,20
374039,10
374041,2
374047,6
374063,16
374069,6
374083,14
374089,6
374093,4
374111,18
374117,6
374123,6
374137,14
374149,12
374159,10
374173,14
374177,4
374189,12
374203,14
374219,16
374239,20
374287,48
374291,4
374293,2
374299,6
374317,18
374321,4
374333,12
374347,14
374351,4
374359,8
374389,30
374399,10
374441,42
374443,2
374447,4
374461,14
374483,22
374501,18
374531,30
374537,6
374557,20
374587,30
374603,16
374639,36
374641,2
374653,12
374669,16
374677,8
374681,4
374683,2
374687,4
374701,14
374713,12
374719,6
374729,10
374741,12
374753,12
374761,8
374771,10
374783,12
374789,6
374797,8
374807,10
374819,12
374837,18
374839,2
374849,10
374879,30
374887,8
374893,6
374903,10
374909,6
374929,20
374939,10
374953,14
374977,24
374981,4
374987,6
374989,2
374993,4
375017,24
375019,2
375029,10
375043,14
375049,6
375059,10
375083,24
375091,8
375097,6
375101,4
375103,2
375113,10
375119,6
375121,2
375127,6
375149,22
375157,8
375163,6
375169,6
375203,34
375209,6
375223,14
375227,4
375233,6
375247,14
375251,4
375253,2
375257,4
375259,2
375281,22
375283,2
375311,28
375341,30
375359,18
375367,8
375371,4
375373,2
375391,18
375407,16
375413,6
375443,30
375449,6
375451,2
375457,6
375467,10
375481,14
375509,28
375511,2
375523,12
375527,4
375533,6
375553,20
375559,6
375563,4
375569,6
375593,24
375607,14
375623,16
375631,8
375643,12
375647,4
375667,20
375673,6
375703,30
375707,4
375709,2
375743,34
375757,14
375761,4
375773,12
375779,6
375787,8
375799,12
375833,34
375841,8
375857,16
375899,42
375901,2
375923,22
375931,8
375967,36
375971,4
375979,8
375983,4
375997,14
376001,4
376003,2
376009,6
376021,12
376039,18
376049,10
376063,14
376081,18
376097,16
376099,2
376127,28
376133,6
376147,14
376153,6
376171,18
376183,12
376199,16
376231,32
376237,6
376241,4
376283,42
376291,8
376297,6
376307,10
376351,44
376373,22
376393,20
376399,6
376417,18
376463,46
376469,6
376471,2
376477,6
376483,6
376501,18
376511,10
376529,18
376531,2
376547,16
376573,26
376577,4
376583,6
376589,6
376603,14
376609,6
376627,18
376631,4
376633,2
376639,6
376657,18
376679,22
376687,8
376699,12
376709,10
376721,12
376729,8
376757,28
376759,2
376769,10
376787,18
376793,6
376801,8
376807,6
376811,4
376819,8
376823,4
376837,14
376841,4
376847,6
376853,6
376889,36
376891,2
376897,6
376921,24
376927,6
376931,4
376933,2
376949,16
376963,14
376969,6
377011,42
377021,10
377051,30
377059,8
377071,12
377099,28
377123,24
377129,6
377137,8
377147,10
377171,24
377173,2
377183,10
377197,14
377219,22
377231,12
377257,26
377263,6
377287,24
377291,4
377297,6
377327,30
377329,2
377339,10
377347,8
377353,6
377369,16
377371,2
377387,16
377393,6
377459,66
377471,12
377477,6
377491,14
377513,22
377521,8
377527,6
377537,10
377543,6
377557,14
377561,4
377563,2
377581,18
377593,12
377599,6
377617,18
377623,6
377633,10
377653,20
377681,28
377687,6
377711,24
377717,6
377737,20
377749,12
377761,12
377771,10
377779,8
377789,10
377801,12
377809,8
377827,18
377831,4
377843,12
377851,8
377873,22
377887,14
377911,24
377963,52
377981,18
377999,18
378011,12
378019,8
378023,4
378041,18
378071,30
378083,12
378089,6
378101,12
378127,26
378137,10
378149,12
378151,2
378163,12
378167,4
378179,12
378193,14
378223,30
378229,6
378239,10
378241,2
378253,12
378269,16
378277,8
378283,6
378289,6
378317,28
378353,36
378361,8
378379,18
378401,22
378407,6
378439,32
378449,10
378463,14
378467,4
378493,26
378503,10
378509,6
378523,14
378533,10
378551,18
378559,8
378569,10
378571,2
378583,12
378593,10
378601,8
378619,18
378629,10
378661,32
378667,6
378671,4
378683,12
378691,8
378713,22
378733,20
378739,6
378757,18
378761,4
378779,18
378793,14
378809,16
378817,8
378821,4
378823,2
378869,46
378883,14
378893,10
378901,8
378919,18
378929,10
378941,12
378949,8
378953,4
378967,14
378977,10
378997,20
379007,10
379009,2
379013,4
379033,20
379039,6
379073,34
379081,8
379087,6
379097,10
379103,6
379123,20
379133,10
379147,14
379157,10
379163,6
379177,14
379187,10
379189,2
379199,10
379207,8
379273,66
379277,4
379283,6
379289,6
379307,18
379319,12
379333,14
379343,10
379369,26
379387,18
379391,4
379397,6
379399,2
379417,18
379433,16
379439,6
379441,2
379451,10
379459,8
379499,40
379501,2
379513,12
379531,18
379541,10
379549,8
379571,22
379573,2
379579,6
379597,18
379607,10
379633,26
379649,16
379663,14
379667,4
379679,12
379681,2
379693,12
379699,6
379703,4
379721,18
379723,2
379727,4
379751,24
379777,26
379787,10
379811,24
379817,6
379837,20
379849,12
379853,4
379859,6
379877,18
379889,12
379903,14
379909,6
379913,4
379927,14
379931,4
379963,32
379979,16
379993,14
379997,4
379999,2
380041,42
380047,6
380059,12
380071,12
380117,46
380129,12
380131,2
380141,10
380147,6
380179,32
380189,10
380197,8
380201,4
380203,2
380207,4
380231,24
380251,20
380267,16
380269,2
380287,18
380291,4
380299,8
380309,10
380311,2
380327,16
380329,2
380333,4
380363,30
380377,14
380383,6
380417,34
380423,6
380441,18
380447,6
380453,6
380459,6
380461,2
380483,22
380503,20
380533,30
380557,24
380563,6
380591,28
380621,30
380623,2
380629,6
380641,12
380651,10
380657,6
380707,50
380713,6
380729,16
380753,24
380777,24
380797,20
380803,6
380819,16
380837,18
380839,2
380843,4
380867,24
380869,2
380879,10
380881,2
380909,28
380917,8
380929,12
380951,22
380957,6
380971,14
380977,6
380983,6
381001,18
381011,10
381019,8
381037,18
381047,10
381061,14
381071,10
381077,6
381097,20
381103,6
381167,64
381169,2
381181,12
381209,28
381221,12
381223,2
381233,10
381239,6
381253,14
381287,34
381289,2
381301,12
381319,18
381323,4
381343,20
381347,4
381371,24
381373,2
381377,4
381383,6
381389,6
381401,12
381413,12
381419,6
381439,20
381443,4
381461,18
381467,6
381481,14
381487,6
381509,22
381523,14
381527,4
381529,2
381533,4
381541,8
381559,18
381569,10
381607,38
381629,22
381631,2
381637,6
381659,22
381673,14
381697,24
381707,10
381713,6
381737,24
381739,2
381749,10
381757,8
381761,4
381791,30
381793,2
381817,24
381841,24
381853,12
381859,6
381911,52
381917,6
381937,20
381943,6
381949,6
381977,28
381989,12
381991,2
382001,10
382003,2
382021,18
382037,16
382061,24
382069,8
382073,4
382087,14
382103,16
382117,14
382163,46
382171,8
382189,18
382229,40
382231,2
382241,10
382253,12
382267,14
382271,4
382303,32
382331,28
382351,20
382357,6
382363,6
382373,10
382391,18
382427,36
382429,2
382457,28
382463,6
382493,30
382507,14
382511,4
382519,8
382541,22
382549,8
382553,4
382567,14
382579,12
382583,4
382589,6
382601,12
382621,20
382631,10
382643,12
382649,6
382661,12
382663,2
382693,30
382703,10
382709,6
382727,18
382729,2
382747,18
382751,4
382763,12
382769,6
382777,8
382801,24
382807,6
382813,6
382843,30
382847,4
382861,14
382867,6
382871,4
382873,2
382883,10
382919,36
382933,14
382939,6
382961,22
382979,18
382999,20
383011,12
383023,12
383029,6
383041,12
383051,10
383069,18
383077,8
383081,4
383083,2
383099,16
383101,2
383107,6
383113,6
383143,30
383147,4
383153,6
383171,18
383179,8
383219,40
383221,2
383261,40
383267,6
383281,14
383291,10
383297,6
383303,6
383321,18
383347,26
383371,24
383393,22
383399,6
383417,18
383419,2
383429,10
383459,30
383483,24
383489,6
383519,30
383521,2
383527,6
383533,6
383549,16
383557,8
383573,16
383587,14
383609,22
383611,2
383623,12
383627,4
383633,6
383651,18
383657,6
383659,2
383681,22
383683,2
383693,10
383723,30
383729,6
383753,24
383759,6
383767,8
383777,10
383791,14
383797,6
383807,10
383813,6
383821,8
383833,12
383837,4
383839,2
383869,30
383891,22
383909,18
383917,8
383923,6
383941,18
383951,10
383963,12
383969,6
383983,14
383987,4
384001,14
384017,16
384029,12
384049,20
384061,12
384067,6
384079,12
384089,10
384107,18
384113,6
384133,20
384143,10
384151,8
384157,6
384173,16
384187,14
384193,6
384203,10
384227,24
384247,20
384253,6
384257,4
384259,2
384277,18
384287,10
384289,2
384299,10
384301,2
384317,16
384331,14
384343,12
384359,16
384367,8
384383,16
384403,20
384407,4
384437,30
384469,32
384473,4
384479,6
384481,2
384487,6
384497,10
384509,12
384533,24
384547,14
384577,30
384581,4
384589,8
384599,10
384611,12
384619,8
384623,4
384641,18
384673,32
384691,18
384697,6
384701,4
384719,18
384733,14
384737,4
384751,14
384757,6
384773,16
384779,6
384817,38
384821,4
384827,6
384841,14
384847,6
384851,4
384889,38
384907,18
384913,6
384919,6
384941,22
384961,20
384973,12
385001,28
385013,12
385027,14
385039,12
385057,18
385069,12
385079,10
385081,2
385087,6
385109,22
385127,18
385129,2
385139,10
385141,2
385153,12
385159,6
385171,12
385193,22
385199,6
385223,24
385249,26
385261,12
385267,6
385279,12
385289,10
385291,2
385321,30
385327,6
385331,4
385351,20
385379,28
385391,12
385393,2
385397,4
385403,6
385417,14
385433,16
385471,38
385481,10
385493,12
385501,8
385519,18
385531,12
385537,6
385559,22
385571,12
385573,2
385579,6
385589,10
385591,2
385597,6
385607,10
385621,14
385631,10
385639,8
385657,18
385661,4
385663,2
385709,46
385739,30
385741,2
385771,30
385783,12
385793,10
385811,18
385817,6
385831,14
385837,6
385843,6
385859,16
385877,18
385897,20
385901,4
385907,6
385927,20
385939,12
385943,4
385967,24
385991,24
385997,6
386017,20
386039,22
386041,2
386047,6
386051,4
386083,32
386093,10
386117,24
386119,2
386129,10
386131,2
386143,12
386149,6
386153,4
386159,6
386161,2
386173,12
386219,46
386227,8
386233,6
386237,4
386249,12
386263,14
386279,16
386297,18
386299,2
386303,4
386329,26
386333,4
386339,6
386363,24
386369,6
386371,2
386381,10
386383,2
386401,18
386411,10
386413,2
386429,16
386431,2
386437,6
386471,34
386489,18
386501,12
386521,20
386537,16
386543,6
386549,6
386569,20
386587,18
386609,22
386611,2
386621,10
386629,8
386641,12
386647,6
386651,4
386677,26
386689,12
386693,4
386713,20
386719,6
386723,4
386731,8
386747,16
386777,30
386809,32
386839,30
386851,12
386887,36
386891,4
386921,30
386927,6
386963,36
386977,14
386987,10
386989,2
386993,4
387007,14
387017,10
387031,14
387047,16
387071,24
387077,6
387083,6
387089,6
387109,20
387137,28
387151,14
387161,10
387169,8
387173,4
387187,14
387197,10
387199,2
387203,4
387227,24
387253,26
387263,10
387269,6
387281,12
387307,26
387313,6
387329,16
387341,12
387371,30
387397,26
387403,6
387433,30
387437,4
387449,12
387463,14
387493,30
387503,10
387509,6
387529,20
387551,22
387577,26
387587,10
387613,26
387623,10
387631,8
387641,10
387659,18
387677,18
387679,2
387683,4
387707,24
387721,14
387727,6
387743,16
387749,6
387763,14
387781,18
387791,10
387799,8
387839,40
387853,14
387857,4
387911,54
387913,2
387917,4
387953,36
387967,14
387971,4
387973,2
387977,4
388009,32
388051,42
388057,6
388067,10
388081,14
388099,18
388109,10
388111,2
388117,6
388133,16
388159,26
388163,4
388169,6
388177,8
388181,4
388183,2
388187,4
388211,24
388231,20
388237,6
388253,16
388259,6
388273,14
388277,4
388301,24
388313,12
388319,6
388351,32
388363,12
388369,6
388373,4
388391,18
388403,12
388459,56
388471,12
388477,6
388481,4
388483,2
388489,6
388499,10
388519,20
388529,10
388541,12
388567,26
388573,6
388621,48
388651,30
388657,6
388673,16
388691,18
388693,2
388697,4
388699,2
388711,12
388727,16
388757,30
388777,20
388781,4
388789,8
388793,4
388813,20
388823,10
388837,14
388859,22
388879,20
388891,12
388897,6
388901,4
388903,2
388931,28
388933,2
388937,4
388961,24
388963,2
388991,28
389003,12
389023,20
389027,4
389029,2
389041,12
389047,6
389057,10
389083,26
389089,6
389099,10
389111,12
389117,6
389141,24
389149,8
389161,12
389167,6
389171,4
389173,2
389189,16
389219,30
389227,8
389231,4
389269,38
389273,4
389287,14
389297,10
389299,2
389303,4
389357,54
389369,12
389381,12
389399,18
389401,2
389437,36
389447,10
389461,14
389479,18
389483,4
389507,24
389513,6
389527,14
389531,4
389533,2
389539,6
389561,22
389563,2
389567,4
389569,2
389579,10
389591,12
389621,30
389629,8
389651,22
389659,8
389663,4
389687,24
389699,12
389713,14
389723,10
389743,20
389749,6
389761,12
389773,12
389783,10
389791,8
389797,6
389819,22
389839,20
389849,10
389867,18
389891,24
389897,6
389903,6
389911,8
389923,12
389927,4
389941,14
389947,6
389953,6
389957,4
389971,14
389981,10
389989,8
389999,10
390001,2
390043,42
390067,24
390077,10
390083,6
390097,14
390101,4
390107,6
390109,2
390113,4
390119,6
390151,32
390157,6
390161,4
390191,30
390193,2
390199,6
390209,10
390211,2
390223,12
390263,40
390281,18
390289,8
390307,18
390323,16
390343,20
390347,4
390353,6
390359,6
390367,8
390373,6
390389,16
390391,2
390407,16
390413,6
390419,6
390421,2
390433,12
390437,4
390449,12
390463,14
390479,16
390487,8
390491,4
390493,2
390499,6
390503,4
390527,24
390539,12
390553,14
390581,28
390647,66
390653,6
390671,18
390673,2
390703,30
390707,4
390721,14
390727,6
390737,10
390739,2
390743,4
390751,8
390763,12
390781,18
390791,10
390809,18
390821,12
390829,8
390851,22
390869,18
390877,8
390883,6
390889,6
390893,4
390953,60
390959,6
390961,2
390967,6
390989,22
390991,2
391009,18
391019,10
391021,2
391031,10
391049,18
391057,8
391063,6
391067,4
391073,6
391103,30
391117,14
391133,16
391151,18
391159,8
391163,4
391177,14
391199,22
391217,18
391219,2
391231,12
391247,16
391249,2
391273,24
391283,10
391291,8
391301,10
391331,30
391337,6
391351,14
391367,16
391373,6
391379,6
391387,8
391393,6
391397,4
391399,2
391403,4
391441,38
391451,10
391453,2
391487,34
391519,32
391537,18
391553,16
391579,26
391613,34
391619,6
391627,8
391631,4
391639,8
391661,22
391679,18
391691,12
391693,2
391711,18
391717,6
391733,16
391739,6
391751,12
391753,2
391757,4
391789,32
391801,12
391817,16
391823,6
391847,24
391861,14
391873,12
391879,6
391889,10
391891,2
391903,12
391907,4
391921,14
391939,18
391961,22
391967,6
391987,20
391999,12
392011,12
392033,22
392053,20
392059,6
392069,10
392087,18
392099,12
392101,2
392111,10
392113,2
392131,18
392143,12
392149,6
392153,4
392159,6
392177,18
392201,24
392209,8
392213,4
392221,8
392233,12
392239,6
392251,12
392261,10
392263,2
392267,4
392269,2
392279,10
392281,2
392297,16
392299,2
392321,22
392333,12
392339,6
392347,8
392351,4
392363,12
392383,20
392389,6
392423,34
392437,14
392443,6
392467,24
392473,6
392477,4
392489,12
392503,14
392519,16
392531,12
392543,12
392549,6
392569,20
392593,24
392599,6
392611,12
392629,18
392647,18
392663,16
392669,6
392699,30
392723,24
392737,14
392741,4
392759,18
392761,2
392767,6
392803,36
392807,4
392809,2
392827,18
392831,4
392837,6
392849,12
392851,2
392857,6
392879,22
392893,14
392911,18
392923,12
392927,4
392929,2
392957,28
392963,6
392969,6
392981,12
392983,2
393007,24
393013,6
393017,4
393031,14
393059,28
393073,14
393077,4
393079,2
393083,4
393097,14
393103,6
393109,6
393121,12
393137,16
393143,6
393157,14
393161,4
393181,20
393187,6
393191,4
393203,12
393209,6
393241,32
393247,6
393257,10
393271,14
393287,16
393299,12
393301,2
393311,10
393331,20
393361,30
393373,12
393377,4
393383,6
393401,18
393403,2
393413,10
393451,38
393473,22
393479,6
393487,8
393517,30
393521,4
393539,18
393541,2
393551,10
393557,6
393571,14
393577,6
393581,4
393583,2
393587,4
393593,6
393611,18
393629,18
393637,8
393649,12
393667,18
393671,4
393677,6
393683,6
393697,14
393709,12
393713,4
393721,8
393727,6
393739,12
393749,10
393761,12
393779,18
393797,18
393847,50
393853,6
393857,4
393859,2
393863,4
393871,8
393901,30
393919,18
393929,10
393931,2
393947,16
393961,14
393977,16
393989,12
393997,8
394007,10
394019,12
394039,20
394049,10
394063,14
394073,10
394099,26
394123,24
394129,6
394153,24
394157,4
394169,12
394187,18
394201,14
394211,10
394223,12
394241,18
394249,8
394259,10
394271,12
394291,20
394319,28
394327,8
394357,30
394363,6
394367,4
394369,2
394393,24
394409,16
394411,2
394453,42
394481,28
394489,8
394501,12
394507,6
394523,16
394529,6
394549,20
394571,22
394577,6
394579,2
394601,22
394619,18
394631,12
394633,2
394637,4
394643,6
394673,30
394699,26
394717,18
394721,4
394727,6
394729,2
394733,4
394739,6
394747,8
394759,12
394787,28
394811,24
394813,2
394817,4
394819,2
394829,10
394837,8
394861,24
394879,18
394897,18
394931,34
394943,12
394963,20
394967,4
394969,2
394981,12
394987,6
394993,6
395023,30
395027,4
395039,12
395047,8
395069,22
395089,20
395093,4
395107,14
395111,4
395113,2
395119,6
395137,18
395141,4
395147,6
395159,12
395173,14
395189,16
395191,2
395201,10
395231,30
395243,12
395251,8
395261,10
395273,12
395287,14
395293,6
395303,10
395309,6
395321,12
395323,2
395377,54
395383,6
395407,24
395429,22
395431,2
395443,12
395449,6
395453,4
395459,6
395491,32
395509,18
395513,4
395533,20
395537,4
395543,6
395581,38
395597,16
395611,14
395621,10
395627,6
395657,30
395671,14
395677,6
395687,10
395701,14
395719,18
395737,18
395741,4
395749,8
395767,18
395803,36
395849,46
395851,2
395873,22
395887,14
395891,4
395897,6
395909,12
395921,12
395953,32
395959,6
395971,12
396001,30
396029,28
396031,2
396041,10
396043,2
396061,18
396079,18
396091,12
396103,12
396107,4
396119,12
396157,38
396173,16
396181,8
396197,16
396199,2
396203,4
396217,14
396239,22
396247,8
396259,12
396269,10
396293,24
396299,6
396301,2
396311,10
396323,12
396349,26
396353,4
396373,20
396377,4
396379,2
396413,34
396427,14
396437,10
396443,6
396449,6
396479,30
396509,30
396523,14
396527,4
396533,6
396541,8
396547,6
396563,16
396577,14
396581,4
396601,20
396619,18
396623,4
396629,6
396631,2
396637,6
396647,10
396667,20
396679,12
396703,24
396709,6
396713,4
396719,6
396733,14
396833,100
396871,38
396881,10
396883,2
396887,4
396919,32
396931,12
396937,6
396943,6
396947,4
396953,6
396971,18
396983,12
396997,14
397013,16
397027,14
397037,10
397051,14
397057,6
397063,6
397073,10
397093,20
397099,6
397127,28
397151,24
397153,2
397181,28
397183,2
397211,28
397217,6
397223,6
397237,14
397253,16
397259,6
397283,24
397289,6
397297,8
397301,4
397303,2
397337,34
397351,14
397357,6
397361,4
397373,12
397379,6
397427,48
397429,2
397433,4
397459,26
397469,10
397489,20
397493,4
397517,24
397519,2
397541,22
397543,2
397547,4
397549,2
397567,18
397589,22
397591,2
397597,6
397633,36
397643,10
397673,30
397687,14
397697,10
397721,24
397723,2
397729,6
397751,22
397753,2
397757,4
397759,2
397763,4
397799,36
397807,8
397811,4
397829,18
397849,20
397867,18
397897,30
397907,10
397921,14
397939,18
397951,12
397963,12
397973,10
397981,8
398011,30
398023,12
398029,6
398033,4
398039,6
398053,14
398059,6
398063,4
398077,14
398087,10
398113,26
398117,4
398119,2
398129,10
398143,14
398149,6
398171,22
398207,36
398213,6
398219,6
398227,8
398249,22
398261,12
398267,6
398273,6
398287,14
398303,16
398311,8
398323,12
398339,16
398341,2
398347,6
398353,6
398357,4
398369,12
398393,24
398407,14
398417,10
398423,6
398441,18
398459,18
398467,8
398471,4
398473,2
398477,4
398491,14
398509,18
398539,30
398543,4
398549,6
398557,8
398569,12
398581,12
398591,10
398609,18
398611,2
398621,10
398627,6
398669,42
398681,12
398683,2
398693,10
398711,18
398729,18
398731,2
398759,28
398771,12
398813,42
398819,6
398821,2
398833,12
398857,24
398863,6
398887,24
398903,16
398917,14
398921,4
398933,12
398941,8
398969,28
398977,8
398989,12
399023,34
399031,8
399043,12
399059,16
399067,8
399071,4
399079,8
399097,18
399101,4
399107,6
399131,24
399137,6
399149,12
399151,2
399163,12
399173,10
399181,8
399197,16
399221,24
399227,6
399239,12
399241,2
399263,22
399271,8
399277,6
399281,4
399283,2
399353,70
399379,26
399389,10
399391,2
399401,10
399403,2
399409,6
399433,24
399439,6
399473,34
399481,8
399491,10
399493,2
399499,6
399523,24
399527,4
399541,14
399557,16
399571,14
399577,6
399583,6
399587,4
399601,14
399613,12
399617,4
399643,26
399647,4
399667,20
399677,10
399689,12
399691,2
399719,28
399727,8
399731,4
399739,8
399757,18
399761,4
399769,8
399781,12
399787,6
399793,6
399851,58
399853,2
399871,18
399887,16
399899,12
399911,12
399913,2
399937,24
399941,4
399953,12
399979,26
399983,4
399989,6
