100003,12
100019,16
100043,24
100049,6
100057,8
100069,12
100103,34
100109,6
100129,20
100151,22
100153,2
100169,16
100183,14
100189,6
100193,4
100207,14
100213,6
100237,24
100267,30
100271,4
100279,8
100291,12
100297,6
100313,16
100333,20
100343,10
100357,14
100361,4
100363,2
100379,16
100391,12
100393,2
100403,10
100411,8
100417,6
100447,30
100459,12
100469,10
100483,14
100493,10
100501,8
100511,10
100517,6
100519,2
100523,4
100537,14
100547,10
100549,2
100559,10
100591,32
100609,18
100613,4
100621,8
100649,28
100669,20
100673,4
100693,20
100699,6
100703,4
100733,30
100741,8
100747,6
100769,22
100787,18
100799,12
100801,2
100811,10
100823,12
100829,6
100847,18
100853,6
100907,54
100913,6
100927,14
100931,4
100937,6
100943,6
100957,14
100981,24
100987,6
100999,12
101009,10
101021,12
101027,6
101051,24
101063,12
101081,18
101089,8
101107,18
101111,4
101113,2
101117,4
101119,2
101141,22
101149,8
101159,10
101161,2
101173,12
101183,10
101197,14
101203,6
101207,4
101209,2
101221,12
101267,46
101273,6
101279,6
101281,2
101287,6
101293,6
101323,30
101333,10
101341,8
101347,6
101359,12
101363,4
101377,14
101383,6
101399,16
101411,12
101419,8
101429,10
101449,20
101467,18
101477,10
101483,6
101489,6
101501,12
101503,2
101513,10
101527,14
101531,4
101533,2
101537,4
101561,24
101573,12
101581,8
101599,18
101603,4
101611,8
101627,16
101641,14
101653,12
101663,10
101681,18
101693,12
101701,8
101719,18
101723,4
101737,14
101741,4
101747,6
101749,2
101771,22
101789,18
101797,8
101807,10
101833,26
101837,4
101839,2
101863,24
101869,6
101873,4
101879,6
101891,12
101917,26
101921,4
101929,8
101939,10
101957,18
101963,6
101977,14
101987,10
101999,12
102001,2
102013,12
102019,6
102023,4
102031,8
102043,12
102059,16
102061,2
102071,10
102077,6
102079,2
102101,22
102103,2
102107,4
102121,14
102139,18
102149,10
102161,12
102181,20
102191,10
102197,6
102199,2
102203,4
102217,14
102229,12
102233,4
102241,8
102251,10
102253,2
102259,6
102293,34
102299,6
102301,2
102317,16
102329,12
102337,8
102359,22
102367,8
102397,30
102407,10
102409,2
102433,24
102437,4
102451,14
102461,10
102481,20
102497,16
102499,2
102503,4
102523,20
102533,10
102539,6
102547,8
102551,4
102559,8
102563,4
102587,24
102593,6
102607,14
102611,4
102643,32
102647,4
102653,6
102667,14
102673,6
102677,4
102679,2
102701,22
102761,60
102763,2
102769,6
102793,24
102797,4
102811,14
102829,18
102841,12
102859,18
102871,12
102877,6
102881,4
102911,30
102913,2
102929,16
102931,2
102953,22
102967,14
102983,16
103001,18
103007,6
103043,36
103049,6
103067,18
103069,2
103079,10
103087,8
103091,4
103093,2
103099,6
103123,24
103141,18
103171,30
103177,6
103183,6
103217,34
103231,14
103237,6
103289,52
103291,2
103307,16
103319,12
103333,14
103349,16
103357,8
103387,30
103391,4
103393,2
103399,6
103409,10
103421,12
103423,2
103451,28
103457,6
103471,14
103483,12
103511,28
103529,18
103549,20
103553,4
103561,8
103567,6
103573,6
103577,4
103583,6
103591,8
103613,22
103619,6
103643,24
103651,8
103657,6
103669,12
103681,12
103687,6
103699,12
103703,4
103723,20
103769,46
103787,18
103801,14
103811,10
103813,2
103837,24
103841,4
103843,2
103867,24
103889,22
103903,14
103913,10
103919,6
103951,32
103963,12
103967,4
103969,2
103979,10
103981,2
103991,10
103993,2
103997,4
104003,6
104009,6
104021,12
104033,12
104047,14
104053,6
104059,6
104087,28
104089,2
104107,18
104113,6
104119,6
104123,4
104147,24
104149,2
104161,12
104173,12
104179,6
104183,4
104207,24
104231,24
104233,2
104239,6
104243,4
104281,38
104287,6
104297,10
104309,12
104311,2
104323,12
104327,4
104347,20
104369,22
104381,12
104383,2
104393,10
104399,6
104417,18
104459,42
104471,12
104473,2
104479,6
104491,12
104513,22
104527,14
104537,10
104543,6
104549,6
104551,2
104561,10
104579,18
104593,14
104597,4
104623,26
104639,16
104651,12
104659,8
104677,18
104681,4
104683,2
104693,10
104701,8
104707,6
104711,4
104717,6
104723,6
104729,6
104743,14
104759,16
104761,2
104773,12
104779,6
104789,10
104801,12
104803,2
104827,24
104831,4
104849,18
104851,2
104869,18
104879,10
104891,12
104911,20
104917,6
104933,16
104947,14
104953,6
104959,6
104971,12
104987,16
104999,12
105019,20
105023,4
105031,8
105037,6
105071,34
105097,26
105107,10
105137,30
105143,6
105167,24
105173,6
105199,26
105211,12
105227,16
105229,2
105239,10
105251,12
105253,2
105263,10
105269,6
105277,8
105319,42
105323,4
105331,8
105337,6
105341,4
105359,18
105361,2
105367,6
105373,6
105379,6
105389,10
105397,8
105401,4
105407,6
105437,30
105449,12
105467,18
105491,24
105499,8
105503,4
105509,6
105517,8
105527,10
105529,2
105533,4
105541,8
105557,16
105563,6
105601,38
105607,6
105613,6
105619,6
105649,30
105653,4
105667,14
105673,6
105683,10
105691,8
105701,10
105727,26
105733,6
105751,18
105761,10
105767,6
105769,2
105817,48
105829,12
105863,34
105871,8
105883,12
105899,16
105907,8
105913,6
105929,16
105943,14
105953,10
105967,14
105971,4
105977,6
105983,6
105997,14
106013,16
106019,6
106031,12
106033,2
106087,54
106103,16
106109,6
106121,12
106123,2
106129,6
106163,34
106181,18
106187,6
106189,2
106207,18
106213,6
106217,4
106219,2
106243,24
106261,18
106273,12
106277,4
106279,2
106291,12
106297,6
106303,6
106307,4
106319,12
106321,2
106331,10
106349,18
106357,8
106363,6
106367,4
106373,6
106391,18
106397,6
106411,14
106417,6
106427,10
106433,6
106441,8
106451,10
106453,2
106487,34
106501,14
106531,30
106537,6
106541,4
106543,2
106591,48
106619,28
106621,2
106627,6
106637,10
106649,12
106657,8
106661,4
106663,2
106669,6
106681,12
106693,12
106699,6
106703,4
106721,18
106727,6
106739,12
106747,8
106751,4
106753,2
106759,6
106781,22
106783,2
106787,4
106801,14
106823,22
106853,30
106859,6
106861,2
106867,6
106871,4
106877,6
106903,26
106907,4
106921,14
106937,16
106949,12
106957,8
106961,4
106963,2
106979,16
106993,14
107021,28
107033,12
107053,20
107057,4
107069,12
107071,2
107077,6
107089,12
107099,10
107101,2
107119,18
107123,4
107137,14
107171,34
107183,12
107197,14
107201,4
107209,8
107227,18
107243,16
107251,8
107269,18
107273,4
107279,6
107309,30
107323,14
107339,16
107347,8
107351,4
107357,6
107377,20
107441,64
107449,8
107453,4
107467,14
107473,6
107507,34
107509,2
107563,54
107581,18
107599,18
107603,4
107609,6
107621,12
107641,20
107647,6
107671,24
107687,16
107693,6
107699,6
107713,14
107717,4
107719,2
107741,22
107747,6
107761,14
107773,12
107777,4
107791,14
107827,36
107837,10
107839,2
107843,4
107857,14
107867,10
107873,6
107881,8
107897,16
107903,6
107923,20
107927,4
107941,14
107951,10
107971,20
107981,10
107999,18
108007,8
108011,4
108013,2
108023,10
108037,14
108041,4
108061,20
108079,18
108089,10
108107,18
108109,2
108127,18
108131,4
108139,8
108161,22
108179,18
108187,8
108191,4
108193,2
108203,10
108211,8
108217,6
108223,6
108233,10
108247,14
108263,16
108271,8
108287,16
108289,2
108293,4
108301,8
108343,42
108347,4
108359,12
108377,18
108379,2
108401,22
108413,12
108421,8
108439,18
108457,18
108461,4
108463,2
108497,34
108499,2
108503,4
108517,14
108529,12
108533,4
108541,8
108553,12
108557,4
108571,14
108587,16
108631,44
108637,6
108643,6
108649,6
108677,28
108707,30
108709,2
108727,18
108739,12
108751,12
108761,10
108769,8
108791,22
108793,2
108799,6
108803,4
108821,18
108827,6
108863,36
108869,6
108877,8
108881,4
108883,2
108887,4
108893,6
108907,14
108917,10
108923,6
108929,6
108943,14
108947,4
108949,2
108959,10
108961,2
108967,6
108971,4
108991,20
109001,10
109013,12
109037,24
109049,12
109063,14
109073,10
109097,24
109103,6
109111,8
109121,10
109133,12
109139,6
109141,2
109147,6
109159,12
109169,10
109171,2
109199,28
109201,2
109211,10
109229,18
109253,24
109267,14
109279,12
109297,18
109303,6
109313,10
109321,8
109331,10
109357,26
109363,6
109367,4
109379,12
109387,8
109391,4
109397,6
109423,26
109433,10
109441,8
109451,10
109453,2
109469,16
109471,2
109481,10
109507,26
109517,10
109519,2
109537,18
109541,4
109547,6
109567,20
109579,12
109583,4
109589,6
109597,8
109609,12
109619,10
109621,2
109639,18
109661,22
109663,2
109673,10
109717,44
109721,4
109741,20
109751,10
109789,38
109793,4
109807,14
109819,12
109829,10
109831,2
109841,10
109843,2
109847,4
109849,2
109859,10
109873,14
109883,10
109891,8
109897,6
109903,6
109913,10
109919,6
109937,18
109943,6
109961,18
109987,26
110017,30
110023,6
110039,16
110051,12
110059,8
110063,4
110069,6
110083,14
110119,36
110129,10
110161,32
110183,22
110221,38
110233,12
110237,4
110251,14
110261,10
110269,8
110273,4
110281,8
110291,10
110311,20
110321,10
110323,2
110339,16
110359,20
110419,60
110431,12
110437,6
110441,4
110459,18
110477,18
110479,2
110491,12
110501,10
110503,2
110527,24
110533,6
110543,10
110557,14
110563,6
110567,4
110569,2
110573,4
110581,8
110587,6
110597,10
110603,6
110609,6
110623,14
110629,6
110641,12
110647,6
110651,4
110681,30
110711,30
110729,18
110731,2
110749,18
110753,4
110771,18
110777,6
110807,30
110813,6
110819,6
110821,2
110849,28
110863,14
110879,16
110881,2
110899,18
110909,10
110917,8
110921,4
110923,2
110927,4
110933,6
110939,6
110947,8
110951,4
110969,18
110977,8
110989,12
111029,40
111031,2
111043,12
111049,6
111053,4
111091,38
111103,12
111109,6
111119,10
111121,2
111127,6
111143,16
111149,6
111187,38
111191,4
111211,20
111217,6
111227,10
111229,2
111253,24
111263,10
111269,6
111271,2
111301,30
111317,16
111323,6
111337,14
111341,4
111347,6
111373,26
111409,36
111427,18
111431,4
111439,8
111443,4
111467,24
111487,20
111491,4
111493,2
111497,4
111509,12
111521,12
111533,12
111539,6
111577,38
111581,4
111593,12
111599,6
111611,12
111623,12
111637,14
111641,4
111653,12
111659,6
111667,8
111697,30
111721,24
111731,10
111733,2
111751,18
111767,16
111773,6
111779,6
111781,2
111791,10
111799,8
111821,22
111827,6
111829,2
111833,4
111847,14
111857,10
111863,6
111869,6
111871,2
111893,22
111913,20
111919,6
111949,30
111953,4
111959,6
111973,14
111977,4
111997,20
112019,22
112031,12
112061,30
112067,6
112069,2
112087,18
112097,10
112103,6
112111,8
112121,10
112129,8
112139,10
112153,14
112163,10
112181,18
112199,18
112207,8
112213,6
112223,10
112237,14
112241,4
112247,6
112249,2
112253,4
112261,8
112279,18
112289,10
112291,2
112297,6
112303,6
112327,24
112331,4
112337,6
112339,2
112349,10
112361,12
112363,2
112397,34
112403,6
112429,26
112459,30
112481,22
112501,20
112507,6
112543,36
112559,16
112571,12
112573,2
112577,4
112583,6
112589,6
112601,12
112603,2
112621,18
112643,22
112657,14
112663,6
112687,24
112691,4
112741,50
112757,16
112759,2
112771,12
112787,16
112799,12
112807,8
112831,24
112843,12
112859,16
112877,18
112901,24
112909,8
112913,4
112919,6
112921,2
112927,6
112939,12
112951,12
112967,16
112979,12
112997,18
113011,14
113017,6
113021,4
113023,2
113027,4
113039,12
113041,2
113051,10
113063,12
113081,18
113083,2
113089,6
113093,4
113111,18
113117,6
113123,6
113131,8
113143,12
113147,4
113149,2
113153,4
113159,6
113161,2
113167,6
113171,4
113173,2
113177,4
113189,12
113209,20
113213,4
113227,14
113233,6
113279,46
113287,8
113327,40
113329,2
113341,12
113357,16
113359,2
113363,4
113371,8
113381,10
113383,2
113417,34
113437,20
113453,16
113467,14
113489,22
113497,8
113501,4
113513,12
113537,24
113539,2
113557,18
113567,10
113591,24
113621,30
113623,2
113647,24
113657,10
113683,26
113717,34
113719,2
113723,4
113731,8
113749,18
113759,10
113761,2
113777,16
113779,2
113783,4
113797,14
113809,12
113819,10
113837,18
113843,6
113891,48
113899,8
113903,4
113909,6
113921,12
113933,12
113947,14
113957,10
113963,6
113969,6
113983,14
113989,6
114001,12
114013,12
114031,18
114041,10
114043,2
114067,24
114073,6
114077,4
114083,6
114089,6
114113,24
114143,30
114157,14
114161,4
114167,6
114193,26
114197,4
114199,2
114203,4
114217,14
114221,4
114229,8
114259,30
114269,10
114277,8
114281,4
114299,18
114311,12
114319,8
114329,10
114343,14
114371,28
114377,6
114407,30
114419,12
114451,32
114467,16
114473,6
114479,6
114487,8
114493,6
114547,54
114553,6
114571,18
114577,6
114593,16
114599,6
114601,2
114613,12
114617,4
114641,24
114643,2
114649,6
114659,10
114661,2
114671,10
114679,8
114689,10
114691,2
114713,22
114743,30
114749,6
114757,8
114761,4
114769,8
114773,4
114781,8
114797,16
114799,2
114809,10
114827,18
114833,6
114847,14
114859,12
114883,24
114889,6
114901,12
114913,12
114941,28
114967,26
114973,6
114997,24
115001,4
115013,12
115019,6
115021,2
115057,36
115061,4
115067,6
115079,12
115099,20
115117,18
115123,6
115127,4
115133,6
115151,18
115153,2
115163,10
115183,20
115201,18
115211,10
115223,12
115237,14
115249,12
115259,10
115279,20
115301,22
115303,2
115309,6
115319,10
115321,2
115327,6
115331,4
115337,6
115343,6
115361,18
115363,2
115399,36
115421,22
115429,8
115459,30
115469,10
115471,2
115499,28
115513,14
115523,10
115547,24
115553,6
115561,8
115571,10
115589,18
115597,8
115601,4
115603,2
115613,10
115631,18
115637,6
115657,20
115663,6
115679,16
115693,14
115727,34
115733,6
115741,8
115751,10
115757,6
115763,6
115769,6
115771,2
115777,6
115781,4
115783,2
115793,10
115807,14
115811,4
115823,12
115831,8
115837,6
115849,12
115853,4
115859,6
115861,2
115873,12
115877,4
115879,2
115883,4
115891,8
115901,10
115903,2
115931,28
115933,2
115963,30
115979,16
115981,2
115987,6
116009,22
116027,18
116041,14
116047,6
116089,42
116099,10
116101,2
116107,6
116113,6
116131,18
116141,10
116159,18
116167,8
116177,10
116189,12
116191,2
116201,10
116239,38
116243,4
116257,14
116269,12
116273,4
116279,6
116293,14
116329,36
116341,12
116351,10
116359,8
116371,12
116381,10
116387,6
116411,24
116423,12
116437,14
116443,6
116447,4
116461,14
116471,10
116483,12
116491,8
116507,16
116531,24
116533,2
116537,4
116539,2
116549,10
116579,30
116593,14
116639,46
116657,18
116663,6
116681,18
116687,6
116689,2
116707,18
116719,12
116731,12
116741,10
116747,6
116789,42
116791,2
116797,6
116803,6
116819,16
116827,8
116833,6
116849,16
116867,18
116881,14
116903,22
116911,8
116923,12
116927,4
116929,2
116933,4
116953,20
116959,6
116969,10
116981,12
116989,8
116993,4
117017,24
117023,6
117037,14
117041,4
117043,2
117053,10
117071,18
117101,30
117109,8
117119,10
117127,8
117133,6
117163,30
117167,4
117191,24
117193,2
117203,10
117209,6
117223,14
117239,16
117241,2
117251,10
117259,8
117269,10
117281,12
117307,26
117319,12
117329,10
117331,2
117353,22
117361,8
117371,10
117373,2
117389,16
117413,24
117427,14
117431,4
117437,6
117443,6
117497,54
117499,2
117503,4
117511,8
117517,6
117529,12
117539,10
117541,2
117563,22
117571,8
117577,6
117617,40
117619,2
117643,24
117659,16
117671,12
117673,2
117679,6
117701,22
117703,2
117709,6
117721,12
117727,6
117731,4
117751,20
117757,6
117763,6
117773,10
117779,6
117787,8
117797,10
117809,12
117811,2
117833,22
117839,6
117841,2
117851,10
117877,26
117881,4
117883,2
117889,6
117899,10
117911,12
117917,6
117937,20
117959,22
117973,14
117977,4
117979,2
117989,10
117991,2
118033,42
118037,4
118043,6
118051,8
118057,6
118061,4
118081,20
118093,12
118127,34
118147,20
118163,16
118169,6
118171,2
118189,18
118211,22
118213,2
118219,6
118247,28
118249,2
118253,4
118259,6
118273,14
118277,4
118297,20
118343,46
118361,18
118369,8
118373,4
118387,14
118399,12
118409,10
118411,2
118423,12
118429,6
118453,24
118457,4
118463,6
118471,8
118493,22
118529,36
118543,14
118549,6
118571,22
118583,12
118589,6
118603,14
118619,16
118621,2
118633,12
118661,28
118669,8
118673,4
118681,8
118687,6
118691,4
118709,18
118717,8
118739,22
118747,8
118751,4
118757,6
118787,30
118799,12
118801,2
118819,18
118831,12
118843,12
118861,18
118873,12
118891,18
118897,6
118901,4
118903,2
118907,4
118913,6
118927,14
118931,4
118967,36
118973,6
119027,54
119033,6
119039,6
119047,8
119057,10
119069,12
119083,14
119087,4
119089,2
119099,10
119101,2
119107,6
119129,22
119131,2
119159,28
119173,14
119179,6
119183,4
119191,8
119227,36
119233,6
119237,4
119243,6
119267,24
119291,24
119293,2
119297,4
119299,2
119311,12
119321,10
119359,38
119363,4
119389,26
119417,28
119419,2
119429,10
119447,18
119489,42
119503,14
119513,10
119533,20
119549,16
119551,2
119557,6
119563,6
119569,6
119591,22
119611,20
119617,6
119627,10
119633,6
119653,20
119657,4
119659,2
119671,12
119677,6
119687,10
119689,2
119699,10
119701,2
119723,22
119737,14
119747,10
119759,12
119771,12
119773,2
119783,10
119797,14
119809,12
119813,4
119827,14
119831,4
119839,8
119849,10
119851,2
119869,18
119881,12
119891,10
119921,30
119923,2
119929,6
119953,24
119963,10
119971,8
119981,10
119983,2
119993,10
120011,18
120017,6
120041,24
120047,6
120049,2
120067,18
120077,10
120079,2
120091,12
120097,6
120103,6
120121,18
120157,36
120163,6
120167,4
120181,14
120193,12
120199,6
120209,10
120223,14
120233,10
120247,14
120277,30
120283,6
120293,10
120299,6
120319,20
120331,12
120349,18
120371,22
120383,12
120391,8
120397,6
120401,4
120413,12
120427,14
120431,4
120473,42
120503,30
120511,8
120539,28
120551,12
120557,6
120563,6
120569,6
120577,8
120587,10
120607,20
120619,12
120623,4
120641,18
120647,6
120661,14
120671,10
120677,6
120689,12
120691,2
120709,18
120713,4
120721,8
120737,16
120739,2
120749,10
120763,14
120767,4
120779,12
120811,32
120817,6
120823,6
120829,6
120833,4
120847,14
120851,4
120863,12
120871,8
120877,6
120889,12
120899,10
120907,8
120917,10
120919,2
120929,10
120937,8
120941,4
120943,2
120947,4
120977,30
120997,20
121001,4
121007,6
121013,6
121019,6
121021,2
121039,18
121061,22
121063,2
121067,4
121081,14
121123,42
121139,16
121151,12
121157,6
121169,12
121171,2
121181,10
121189,8
121229,40
121259,30
121267,8
121271,4
121283,12
121291,8
121309,18
121313,4
121321,8
121327,6
121333,6
121343,10
121349,6
121351,2
121357,6
121367,10
121369,2
121379,10
121403,24
121421,18
121439,18
121441,2
121447,6
121453,6
121469,16
121487,18
121493,6
121501,8
121507,6
121523,16
121531,8
121547,16
121553,6
121559,6
121571,12
121577,6
121579,2
121591,12
121607,16
121609,2
121621,12
121631,10
121633,2
121637,4
121661,24
121687,26
121697,10
121711,14
121721,10
121727,6
121763,36
121787,24
121789,2
121843,54
121853,10
121867,14
121883,16
121889,6
121909,20
121921,12
121931,10
121937,6
121949,12
121951,2
121963,12
121967,4
121993,26
121997,4
122011,14
122021,10
122027,6
122029,2
122033,4
122039,6
122041,2
122051,10
122053,2
122069,16
122081,12
122099,18
122117,18
122131,14
122147,16
122149,2
122167,18
122173,6
122201,28
122203,2
122207,4
122209,2
122219,10
122231,12
122251,20
122263,12
122267,4
122273,6
122279,6
122299,20
122321,22
122323,2
122327,4
122347,20
122363,16
122387,24
122389,2
122393,4
122399,6
122401,2
122443,42
122449,6
122453,4
122471,18
122477,6
122489,12
122497,8
122501,4
122503,2
122509,6
122527,18
122533,6
122557,24
122561,4
122579,18
122597,18
122599,2
122609,10
122611,2
122651,40
122653,2
122663,10
122693,30
122701,8
122719,18
122741,22
122743,2
122753,10
122761,8
122777,16
122789,12
122819,30
122827,8
122833,6
122839,6
122849,10
122861,12
122867,6
122869,2
122887,18
122891,4
122921,30
122929,8
122939,10
122953,14
122957,4
122963,6
122971,8
123001,30
123007,6
123017,10
123031,14
123049,18
123059,10
123077,18
123083,6
123091,8
123113,22
123121,8
123127,6
123143,16
123169,26
123191,22
123203,12
123209,6
123217,8
123229,12
123239,10
123259,20
123269,10
123289,20
123307,18
123311,4
123323,12
123341,18
123373,32
123377,4
123379,2
123397,18
123401,4
123407,6
123419,12
123427,8
123433,6
123439,6
123449,10
123457,8
123479,22
123491,12
123493,2
123499,6
123503,4
123517,14
123527,10
123547,20
123551,4
123553,2
123581,28
123583,2
123593,10
123601,8
123619,18
123631,12
123637,6
123653,16
123661,8
123667,6
123677,10
123701,24
123707,6
123719,12
123727,8
123731,4
123733,2
123737,4
123757,20
123787,30
123791,4
123803,12
123817,14
123821,4
123829,8
123833,4
123853,20
123863,10
123887,24
123911,24
123923,12
123931,8
123941,10
123953,12
123973,20
123979,6
123983,4
123989,6
123997,8
124001,4
124021,20
124067,46
124087,20
124097,10
124121,24
124123,2
124133,10
124139,6
124147,8
124153,6
124171,18
124181,10
124183,2
124193,10
124199,6
124213,14
124231,18
124247,16
124249,2
124277,28
124291,14
124297,6
124301,4
124303,2
124309,6
124337,28
124339,2
124343,4
124349,6
124351,2
124363,12
124367,4
124427,60
124429,2
124433,4
124447,14
124459,12
124471,12
124477,6
124489,12
124493,4
124513,20
124529,16
124541,12
124543,2
124561,18
124567,6
124577,10
124601,24
124633,32
124643,10
124669,26
124673,4
124679,6
124693,14
124699,6
124703,4
124717,14
124721,4
124739,18
124753,14
124759,6
124769,10
124771,2
124777,6
124781,4
124783,2
124793,10
124799,6
124819,20
124823,4
124847,24
124853,6
124897,44
124907,10
124909,2
124919,10
124951,32
124979,28
124981,2
124987,6
124991,4
125003,12
125017,14
125029,12
125053,24
125063,10
125093,30
125101,8
125107,6
125113,6
125117,4
125119,2
125131,12
125141,10
125149,8
125183,34
125197,14
125201,4
125207,6
125219,12
125221,2
125231,10
125243,12
125261,18
125269,8
125287,18
125299,12
125303,4
125311,8
125329,18
125339,10
125353,14
125371,18
125383,12
125387,4
125399,12
125407,8
125423,16
125429,6
125441,12
125453,12
125471,18
125497,26
125507,10
125509,2
125527,18
125539,12
125551,12
125591,40
125597,6
125617,20
125621,4
125627,6
125639,12
125641,2
125651,10
125659,8
125669,10
125683,14
125687,4
125693,6
125707,14
125711,4
125717,6
125731,14
125737,6
125743,6
125753,10
125777,24
125789,12
125791,2
125803,12
125813,10
125821,8
125863,42
125887,24
125897,10
125899,2
125921,22
125927,6
125929,2
125933,4
125941,8
125959,18
125963,4
126001,38
126011,10
126013,2
126019,6
126023,4
126031,8
126037,6
126041,4
126047,6
126067,20
126079,12
126097,18
126107,10
126127,20
126131,4
126143,12
126151,8
126173,22
126199,26
126211,12
126223,12
126227,4
126229,2
126233,4
126241,8
126257,16
126271,14
126307,36
126311,4
126317,6
126323,6
126337,14
126341,4
126349,8
126359,10
126397,38
126421,24
126433,12
126443,10
126457,14
126461,4
126473,12
126481,8
126487,6
126491,4
126493,2
126499,6
126517,18
126541,24
126547,6
126551,4
126583,32
126601,18
126611,10
126613,2
126631,18
126641,10
126653,12
126683,30
126691,8
126703,12
126713,10
126719,6
126733,14
126739,6
126743,4
126751,8
126757,6
126761,4
126781,20
126823,42
126827,4
126839,12
126851,12
126857,6
126859,2
126913,54
126923,10
126943,20
126949,6
126961,12
126967,6
126989,22
127031,42
127033,2
127037,4
127051,14
127079,28
127081,2
127103,22
127123,20
127133,10
127139,6
127157,18
127163,6
127189,26
127207,18
127217,10
127219,2
127241,22
127247,6
127249,2
127261,12
127271,10
127277,6
127289,12
127291,2
127297,6
127301,4
127321,20
127331,10
127343,12
127363,20
127373,10
127399,26
127403,4
127423,20
127447,24
127453,6
127481,28
127487,6
127493,6
127507,14
127529,22
127541,12
127549,8
127579,30
127583,4
127591,8
127597,6
127601,4
127607,6
127609,2
127637,28
127643,6
127649,6
127657,8
127663,6
127669,6
127679,10
127681,2
127691,10
127703,12
127709,6
127711,2
127717,6
127727,10
127733,6
127739,6
127747,8
127763,16
127781,18
127807,26
127817,10
127819,2
127837,18
127843,6
127849,6
127859,10
127867,8
127873,6
127877,4
127913,36
127921,8
127931,10
127951,20
127973,22
127979,6
127997,18
128021,24
128033,12
128047,14
128053,6
128099,46
128111,12
128113,2
128119,6
128147,28
128153,6
128159,6
128173,14
128189,16
128201,12
128203,2
128213,10
128221,8
128237,16
128239,2
128257,18
128273,16
128287,14
128291,4
128311,20
128321,10
128327,6
128339,12
128341,2
128347,6
128351,4
128377,26
128389,12
128393,4
128399,6
128411,12
128413,2
128431,18
128437,6
128449,12
128461,12
128467,6
128473,6
128477,4
128483,6
128489,6
128509,20
128519,10
128521,2
128549,28
128551,2
128563,12
128591,28
128599,8
128603,4
128621,18
128629,8
128657,28
128659,2
128663,4
128669,6
128677,8
128683,6
128693,10
128717,24
128747,30
128749,2
128761,12
128767,6
128813,46
128819,6
128831,12
128833,2
128837,4
128857,20
128861,4
128873,12
128879,6
128903,24
128923,20
128939,16
128941,2
128951,10
128959,8
128969,10
128971,2
128981,10
128983,2
128987,4
128993,6
129001,8
129011,10
129023,12
129037,14
129049,12
129061,12
129083,22
129089,6
129097,8
129113,16
129119,6
129121,2
129127,6
129169,42
129187,18
129193,6
129197,4
129209,12
129221,12
129223,2
129229,6
129263,34
129277,14
129281,4
129287,6
129289,2
129293,4
129313,20
129341,28
129347,6
129361,14
129379,18
129401,22
129403,2
129419,16
129439,20
129443,4
129449,6
129457,8
129461,4
129469,8
129491,22
129497,6
129499,2
129509,10
129517,8
129527,10
129529,2
129533,4
129539,6
129553,14
129581,28
129587,6
129589,2
129593,4
129607,14
129629,22
129631,2
129641,10
129643,2
129671,28
129707,36
129719,12
129733,14
129737,4
129749,12
129757,8
129763,6
129769,6
129793,24
129803,10
129841,38
129853,12
129887,34
129893,6
129901,8
129917,16
129919,2
129937,18
129953,16
129959,6
129967,8
129971,4
130003,32
130021,18
130027,6
130043,16
130051,8
130057,6
130069,12
130073,4
130079,6
130087,8
130099,12
130121,22
130127,6
130147,20
130171,24
130183,12
130199,16
130201,2
130211,10
130223,12
130241,18
130253,12
130259,6
130261,2
130267,6
130279,12
130303,24
130307,4
130337,30
130343,6
130349,6
130363,14
130367,4
130369,2
130379,10
130399,20
130409,10
130411,2
130423,12
130439,16
130447,8
130457,10
130469,12
130477,8
130483,6
130489,6
130513,24
130517,4
130523,6
130531,8
130547,16
130553,6
130579,26
130589,10
130619,30
130621,2
130631,10
130633,2
130639,6
130643,4
130649,6
130651,2
130657,6
130681,24
130687,6
130693,6
130699,6
130729,30
130769,40
130783,14
130787,4
130807,20
130811,4
130817,6
130829,12
130841,12
130843,2
130859,16
130873,14
130927,54
130957,30
130969,12
130973,4
130981,8
130987,6
131009,22
131011,2
131023,12
131041,18
131059,18
131063,4
131071,8
131101,30
131111,10
131113,2
131129,16
131143,14
131149,6
131171,22
131203,32
131213,10
131221,8
131231,10
131249,18
131251,2
131267,16
131293,26
131297,4
131303,6
131311,8
131317,6
131321,4
131357,36
131363,6
131371,8
131381,10
131413,32
131431,18
131437,6
131441,4
131447,6
131449,2
131477,28
131479,2
131489,10
131497,8
131501,4
131507,6
131519,12
131543,24
131561,18
131581,20
131591,10
131611,20
131617,6
131627,10
131639,12
131641,2
131671,30
131687,16
131701,14
131707,6
131711,4
131713,2
131731,18
131743,12
131749,6
131759,10
131771,12
131777,6
131779,2
131783,4
131797,14
131837,40
131839,2
131849,10
131861,12
131891,30
131893,2
131899,6
131909,10
131927,18
131933,6
131939,6
131941,2
131947,6
131959,12
131969,10
132001,32
132019,18
132047,28
132049,2
132059,10
132071,12
132103,32
132109,6
132113,4
132137,24
132151,14
132157,6
132169,12
132173,4
132199,26
132229,30
132233,4
132241,8
132247,6
132257,10
132263,6
132283,20
132287,4
132299,12
132313,14
132329,16
132331,2
132347,16
132361,14
132367,6
132371,4
132383,12
132403,20
132409,6
132421,12
132437,16
132439,2
132469,30
132491,22
132499,8
132511,12
132523,12
132527,4
132529,2
132533,4
132541,8
132547,6
132589,42
132607,18
132611,4
132619,8
132623,4
132631,8
132637,6
132647,10
132661,14
132667,6
132679,12
132689,10
132697,8
132701,4
132707,6
132709,2
132721,12
132739,18
132749,10
132751,2
132757,6
132761,4
132763,2
132817,54
132833,16
132851,18
132857,6
132859,2
132863,4
132887,24
132893,6
132911,18
132929,18
132947,18
132949,2
132953,4
132961,8
132967,6
132971,4
132989,18
133013,24
133033,20
133039,6
133051,12
133069,18
133073,4
133087,14
133097,10
133103,6
133109,6
133117,8
133121,4
133153,32
133157,4
133169,12
133183,14
133187,4
133201,14
133213,12
133241,28
133253,12
133261,8
133271,10
133277,6
133279,2
133283,4
133303,20
133319,16
133321,2
133327,6
133337,10
133349,12
133351,2
133379,28
133387,8
133391,4
133403,12
133417,14
133439,22
133447,8
133451,4
133481,30
133493,12
133499,6
133519,20
133541,22
133543,2
133559,16
133571,12
133583,12
133597,14
133631,34
133633,2
133649,16
133657,8
133669,12
133673,4
133691,18
133697,6
133709,12
133711,2
133717,6
133723,6
133733,10
133769,36
133781,12
133801,20
133811,10
133813,2
133831,18
133843,12
133853,10
133873,20
133877,4
133919,42
133949,30
133963,14
133967,4
133979,12
133981,2
133993,12
133999,6
134033,34
134039,6
134047,8
134053,6
134059,6
134077,18
134081,4
134087,6
134089,2
134093,4
134129,36
134153,24
134161,8
134171,10
134177,6
134191,14
134207,16
134213,6
134219,6
134227,8
134243,16
134257,14
134263,6
134269,6
134287,18
134291,4
134293,2
134327,34
134333,6
134339,6
134341,2
134353,12
134359,6
134363,4
134369,6
134371,2
134399,28
134401,2
134417,16
134437,20
134443,6
134471,28
134489,18
134503,14
134507,4
134513,6
134581,68
134587,6
134591,4
134593,2
134597,4
134609,12
134639,30
134669,30
134677,8
134681,4
134683,2
134699,16
134707,8
134731,24
134741,10
134753,12
134777,24
134789,12
134807,18
134837,30
134839,2
134851,12
134857,6
134867,10
134873,6
134887,14
134909,22
134917,8
134921,4
134923,2
134947,24
134951,4
134989,38
134999,10
135007,8
135017,10
135019,2
135029,10
135043,14
135049,6
135059,10
135077,18
135089,12
135101,12
135119,18
135131,12
135151,20
135173,22
135181,8
135193,12
135197,4
135209,12
135211,2
135221,10
135241,20
135257,16
135271,14
135277,6
135281,4
135283,2
135301,18
135319,18
135329,10
135347,18
135349,2
135353,4
135367,14
135389,22
135391,2
135403,12
135409,6
135427,18
135431,4
135433,2
135449,16
135461,12
135463,2
135467,4
135469,2
135479,10
135497,18
135511,14
135533,22
135559,26
135571,12
135581,10
135589,8
135593,4
135599,6
135601,2
135607,6
135613,6
135617,4
135623,6
135637,14
135647,10
135649,2
135661,12
135671,10
135697,26
135701,4
135719,18
135721,2
135727,6
135731,4
135743,12
135757,14
135781,24
135787,6
135799,12
135829,30
135841,12
135851,10
135859,8
135887,28
135893,6
135899,6
135911,12
135913,2
135929,16
135937,8
135977,40
135979,2
136013,34
136027,14
136033,6
136043,10
136057,14
136067,10
136069,2
136093,24
136099,6
136111,12
136133,22
136139,6
136163,24
136177,14
136189,12
136193,4
136207,14
136217,10
136223,6
136237,14
136247,10
136261,14
136273,12
136277,4
136303,26
136309,6
136319,10
136327,8
136333,6
136337,4
136343,6
136351,8
136361,10
136373,12
136379,6
136393,14
136397,4
136399,2
136403,4
136417,14
136421,4
136429,8
136447,18
136453,6
136463,10
136471,8
136481,10
136483,2
136501,18
136511,10
136519,8
136523,4
136531,8
136537,6
136541,4
136547,6
136559,12
136573,14
136601,28
136603,2
136607,4
136621,14
136649,28
136651,2
136657,6
136691,34
136693,2
136709,16
136711,2
136727,16
136733,6
136739,6
136751,12
136753,2
136769,16
136777,8
136811,34
136813,2
136841,28
136849,8
136859,10
136861,2
136879,18
136883,4
136889,6
136897,8
136943,46
136949,6
136951,2
136963,12
136973,10
136979,6
136987,8
136991,4
136993,2
136999,6
137029,30
137077,48
137087,10
137089,2
137117,28
137119,2
137131,12
137143,12
137147,4
137153,6
137177,24
137183,6
137191,8
137197,6
137201,4
137209,8
137219,10
137239,20
137251,12
137273,22
137279,6
137303,24
137321,18
137339,18
137341,2
137353,12
137359,6
137363,4
137369,6
137383,14
137387,4
137393,6
137399,6
137413,14
137437,24
137443,6
137447,4
137453,6
137477,24
137483,6
137491,8
137507,16
137519,12
137537,18
137567,30
137573,6
137587,14
137593,6
137597,4
137623,26
137633,10
137639,6
137653,14
137659,6
137699,40
137707,8
137713,6
137723,10
137737,14
137743,6
137771,28
137777,6
137791,14
137803,12
137827,24
137831,4
137849,18
137867,18
137869,2
137873,4
137909,36
137911,2
137927,16
137933,6
137941,8
137947,6
137957,10
137983,26
137993,10
137999,6
138007,8
138041,34
138053,12
138059,6
138071,12
138077,6
138079,2
138101,22
138107,6
138113,6
138139,26
138143,4
138157,14
138163,6
138179,16
138181,2
138191,10
138197,6
138209,12
138239,30
138241,2
138247,6
138251,4
138283,32
138289,6
138311,22
138319,8
138323,4
138337,14
138349,12
138371,22
138373,2
138389,16
138401,12
138403,2
138407,4
138427,20
138433,6
138449,16
138451,2
138461,10
138469,8
138493,24
138497,4
138511,14
138517,6
138547,30
138559,12
138563,4
138569,6
138571,2
138577,6
138581,4
138587,6
138599,12
138617,18
138629,12
138637,8
138641,4
138647,6
138661,14
138679,18
138683,4
138727,44
138731,4
138739,8
138763,24
138793,30
138797,4
138799,2
138821,22
138829,8
138841,12
138863,22
138869,6
138883,14
138889,6
138893,4
138899,6
138917,18
138923,6
138937,14
138959,22
138967,8
138977,10
139021,44
139033,12
139067,34
139079,12
139091,12
139109,18
139121,12
139123,2
139133,10
139169,36
139177,8
139187,10
139199,12
139201,2
139241,40
139267,26
139273,6
139291,18
139297,6
139301,4
139303,2
139309,6
139313,4
139333,20
139339,6
139343,4
139361,18
139367,6
139369,2
139387,18
139393,6
139397,4
139409,12
139423,14
139429,6
139439,10
139457,18
139459,2
139483,24
139487,4
139493,6
139501,8
139511,10
139537,26
139547,10
139571,24
139589,18
139591,2
139597,6
139609,12
139619,10
139627,8
139661,34
139663,2
139681,18
139697,16
139703,6
139709,6
139721,12
139729,8
139739,10
139747,8
139753,6
139759,6
139787,28
139801,14
139813,12
139831,18
139837,6
139861,24
139871,10
139883,12
139891,8
139901,10
139907,6
139921,14
139939,18
139943,4
139967,24
139969,2
139981,12
139987,6
139991,4
139999,8
140009,10
140053,44
140057,4
140069,12
140071,2
140111,40
140123,12
140143,20
140159,16
140167,8
140171,4
140177,6
140191,14
140197,6
140207,10
140221,14
140227,6
140237,10
140249,12
140263,14
140269,6
140281,12
140297,16
140317,20
140321,4
140333,12
140339,6
140351,12
140363,12
140381,18
140401,20
140407,6
140411,4
140417,6
140419,2
140423,4
140443,20
140449,6
140453,4
140473,20
140477,4
140521,44
140527,6
140533,6
140549,16
140551,2
140557,6
140587,30
140593,6
140603,10
140611,8
140617,6
140627,10
140629,2
140639,10
140659,20
140663,4
140677,14
140681,4
140683,2
140689,6
140717,28
140729,12
140731,2
140741,10
140759,18
140761,2
140773,12
140779,6
140797,18
140813,16
140827,14
140831,4
140837,6
140839,2
140863,24
140867,4
140869,2
140891,22
140893,2
140897,4
140909,12
140929,20
140939,10
140977,38
140983,6
140989,6
141023,34
141041,18
141061,20
141067,6
141073,6
141079,6
141101,22
141107,6
141121,14
141131,10
141157,26
141161,4
141179,18
141181,2
141199,18
141209,10
141221,12
141223,2
141233,10
141241,8
141257,16
141263,6
141269,6
141277,8
141283,6
141301,18
141307,6
141311,4
141319,8
141353,34
141359,6
141371,12
141397,26
141403,6
141413,10
141439,26
141443,4
141461,18
141481,20
141497,16
141499,2
141509,10
141511,2
141529,18
141539,10
141551,12
141587,36
141601,14
141613,12
141619,6
141623,4
141629,6
141637,8
141649,12
141653,4
141667,14
141671,4
141677,6
141679,2
141689,10
141697,8
141707,10
141709,2
141719,10
141731,12
141761,30
141767,6
141769,2
141773,4
141793,20
141803,10
141811,8
141829,18
141833,4
141851,18
141853,2
141863,10
141871,8
141907,36
141917,10
141931,14
141937,6
141941,4
141959,18
141961,2
141971,10
141991,20
142007,16
142019,12
142031,12
142039,8
142049,10
142057,8
142061,4
142067,6
142097,30
142099,2
142111,12
142123,12
142151,28
142157,6
142159,2
142169,10
142183,14
142189,6
142193,4
142211,18
142217,6
142223,6
142231,8
142237,6
142271,34
142297,26
142319,22
142327,8
142357,30
142369,12
142381,12
142391,10
142403,12
142421,18
142427,6
142433,6
142453,20
142469,16
142501,32
142529,28
142537,8
142543,6
142547,4
142553,6
142559,6
142567,8
142573,6
142589,16
142591,2
142601,10
142607,6
142609,2
142619,10
142657,38
142673,16
142697,24
142699,2
142711,12
142733,22
142757,24
142759,2
142771,12
142787,16
142789,2
142799,10
142811,12
142837,26
142841,4
142867,26
142871,4
142873,2
142897,24
142903,6
142907,4
142939,32
142949,10
142963,14
142969,6
142973,4
142979,6
142981,2
142993,12
143053,60
143063,10
143093,30
143107,14
143111,4
143113,2
143137,24
143141,4
143159,18
143177,18
143197,20
143239,42
143243,4
143249,6
143257,8
143261,4
143263,2
143281,18
143287,6
143291,4
143329,38
143333,4
143357,24
143387,30
143401,14
143413,12
143419,6
143443,24
143461,18
143467,6
143477,10
143483,6
143489,6
143501,12
143503,2
143509,6
143513,4
143519,6
143527,8
143537,10
143551,14
143567,16
143569,2
143573,4
143593,20
143609,16
143617,8
143629,12
143651,22
143653,2
143669,16
143677,8
143687,10
143699,12
143711,12
143719,8
143729,10
143743,14
143779,36
143791,12
143797,6
143807,10
143813,6
143821,8
143827,6
143831,4
143833,2
143873,40
143879,6
143881,2
143909,28
143947,38
143953,6
143971,18
143977,6
143981,4
143999,18
144013,14
144031,18
144037,6
144061,24
144071,10
144073,2
144103,30
144139,36
144161,22
144163,2
144167,4
144169,2
144173,4
144203,30
144223,20
144241,18
144247,6
144253,6
144259,6
144271,12
144289,18
144299,10
144307,8
144311,4
144323,12
144341,18
144349,8
144379,30
144383,4
144407,24
144409,2
144413,4
144427,14
144439,12
144451,12
144461,10
144479,18
144481,2
144497,16
144511,14
144539,28
144541,2
144563,22
144569,6
144577,8
144583,6
144589,6
144593,4
144611,18
144629,18
144659,30
144667,8
144671,4
144701,30
144709,8
144719,10
144731,12
144737,6
144751,14
144757,6
144763,6
144773,10
144779,6
144791,12
144817,26
144829,12
144839,10
144847,8
144883,36
144887,4
144889,2
144899,10
144917,18
144931,14
144941,10
144961,20
144967,6
144973,6
144983,10
145007,24
145009,2
145021,12
145031,10
145037,6
145043,6
145063,20
145069,6
145091,22
145109,18
145121,12
145133,12
145139,6
145177,38
145193,16
145207,14
145213,6
145219,6
145253,34
145259,6
145267,8
145283,16
145289,6
145303,14
145307,4
145349,42
145361,12
145381,20
145391,10
145399,8
145417,18
145423,6
145433,10
145441,8
145451,10
145459,8
145463,4
145471,8
145477,6
145487,10
145501,14
145511,10
145513,2
145517,4
145531,14
145543,12
145547,4
145549,2
145577,28
145589,12
145601,12
145603,2
145633,30
145637,4
145643,6
145661,18
145679,18
145681,2
145687,6
145703,16
145709,6
145721,12
145723,2
145753,30
145757,4
145759,2
145771,12
145777,6
145799,22
145807,8
145819,12
145823,4
145829,6
145861,32
145879,18
145897,18
145903,6
145931,28
145933,2
145949,16
145963,14
145967,4
145969,2
145987,18
145991,4
146009,18
146011,2
146021,10
146023,2
146033,10
146051,18
146057,6
146059,2
146063,4
146077,14
146093,16
146099,6
146117,18
146141,24
146161,20
146173,12
146191,18
146197,6
146203,6
146213,10
146221,8
146239,18
146249,10
146273,24
146291,18
146297,6
146299,2
146309,10
146317,8
146323,6
146347,24
146359,12
146369,10
146381,12
146383,2
146389,6
146407,18
146417,10
146423,6
146437,14
146449,12
146477,28
146513,36
146519,6
146521,2
146527,6
146539,12
146543,4
146563,20
146581,18
146603,22
146609,6
146617,8
146639,22
146647,8
146669,22
146677,8
146681,4
146683,2
146701,18
146719,18
146743,24
146749,6
146767,18
146777,10
146801,24
146807,6
146819,12
146833,14
146837,4
146843,6
146849,6
146857,8
146891,34
146893,2
146917,24
146921,4
146933,12
146941,8
146953,12
146977,24
146983,6
146987,4
146989,2
147011,22
147029,18
147031,2
147047,16
147073,26
147083,10
147089,6
147097,8
147107,10
147137,30
147139,2
147151,12
147163,12
147179,16
147197,18
147209,12
147211,2
147221,10
147227,6
147229,2
147253,24
147263,10
147283,20
147289,6
147293,4
147299,6
147311,12
147319,8
147331,12
147341,10
147347,6
147353,6
147377,24
147391,14
147397,6
147401,4
147409,8
147419,10
147449,30
147451,2
147457,6
147481,24
147487,6
147503,16
147517,14
147541,24
147547,6
147551,4
147557,6
147571,14
147583,12
147607,24
147613,6
147617,4
147629,12
147647,18
147661,14
147671,10
147673,2
147689,16
147703,14
147709,6
147727,18
147739,12
147743,4
147761,18
147769,8
147773,4
147779,6
147787,8
147793,6
147799,6
147811,12
147827,16
147853,26
147859,6
147863,4
147881,18
147919,38
147937,18
147949,12
147977,28
147997,20
148013,16
148021,8
148061,40
148063,2
148073,10
148079,6
148091,12
148123,32
148139,16
148147,8
148151,4
148153,2
148157,4
148171,14
148193,22
148199,6
148201,2
148207,6
148229,22
148243,14
148249,6
148279,30
148301,22
148303,2
148331,28
148339,8
148361,22
148367,6
148381,14
148387,6
148399,12
148403,4
148411,8
148429,18
148439,10
148457,18
148469,12
148471,2
148483,12
148501,18
148513,12
148517,4
148531,14
148537,6
148549,12
148573,24
148579,6
148609,30
148627,18
148633,6
148639,6
148663,24
148667,4
148669,2
148691,22
148693,2
148711,18
148721,10
148723,2
148727,4
148747,20
148763,16
148781,18
148783,2
148793,10
148817,24
148829,12
148853,24
148859,6
148861,2
148867,6
148873,6
148891,18
148913,22
148921,8
148927,6
148931,4
148933,2
148949,16
148957,8
148961,4
148991,30
148997,6
149011,14
149021,10
149027,6
149033,6
149053,20
149057,4
149059,2
149069,10
149077,8
149087,10
149099,12
149101,2
149111,10
149113,2
149119,6
149143,24
149153,10
149159,6
149161,2
149173,12
149183,10
149197,14
149213,16
149239,26
149249,10
149251,2
149257,6
149269,12
149287,18
149297,10
149309,12
149323,14
149333,10
149341,8
149351,10
149371,20
149377,6
149381,4
149393,12
149399,6
149411,12
149417,6
149419,2
149423,4
149441,18
149459,18
149489,30
149491,2
149497,6
149503,6
149519,16
149521,2
149531,10
149533,2
149543,10
149551,8
149561,10
149563,2
149579,16
149603,24
149623,20
149627,4
149629,2
149689,60
149711,22
149713,2
149717,4
149729,12
149731,2
149749,18
149759,10
149767,8
149771,4
149791,20
149803,12
149827,24
149837,10
149839,2
149861,22
149867,6
149873,6
149893,20
149899,6
149909,10
149911,2
149921,10
149939,18
149953,14
149969,16
149971,2
149993,22
